721
5.000000 4.778756 0.1
5.100426 4.753384 0.1
5.199973 4.726482 0.1
5.298623 4.698068 0.1
5.396357 4.668164 0.1
5.493155 4.636790 0.1
5.589001 4.603966 0.1
5.683875 4.569714 0.1
5.777761 4.534054 0.1
5.870641 4.497008 0.1
5.962498 4.458597 0.1
6.053316 4.418842 0.1
6.143079 4.377765 0.1
6.231771 4.335388 0.1
6.319377 4.291733 0.1
6.405882 4.246822 0.1
6.491270 4.200677 0.1
6.575528 4.153320 0.1
6.658642 4.104774 0.1
6.740597 4.055062 0.1
6.821382 4.004206 0.1
6.900983 3.952229 0.1
6.979387 3.899155 0.1
7.056583 3.845005 0.1
7.132558 3.789803 0.1
7.207301 3.733573 0.1
7.280802 3.676337 0.1
7.353050 3.618120 0.1
7.424033 3.558944 0.1
7.493744 3.498833 0.1
7.562171 3.437810 0.1
7.629306 3.375900 0.1
7.695140 3.313126 0.1
7.759665 3.249511 0.1
7.822872 3.185080 0.1
7.884754 3.119856 0.1
7.945304 3.053864 0.1
8.004515 2.987126 0.1
8.062380 2.919668 0.1
8.118893 2.851512 0.1
8.174048 2.782684 0.1
8.227841 2.713206 0.1
8.280265 2.643103 0.1
8.331316 2.572399 0.1
8.380990 2.501117 0.1
8.429282 2.429282 0.1
8.476191 2.356918 0.1
8.521711 2.284048 0.1
8.565840 2.210697 0.1
8.608576 2.136888 0.1
8.649917 2.062644 0.1
8.689861 1.987991 0.1
8.728406 1.912950 0.1
8.765552 1.837547 0.1
8.801298 1.761804 0.1
8.835643 1.685746 0.1
8.868587 1.609395 0.1
8.900132 1.532775 0.1
8.930277 1.455910 0.1
8.959024 1.378821 0.1
8.986374 1.301534 0.1
9.012329 1.224070 0.1
9.036891 1.146453 0.1
9.060063 1.068705 0.1
9.081847 0.990850 0.1
9.102246 0.912909 0.1
9.121265 0.834905 0.1
9.138906 0.756861 0.1
9.155174 0.678799 0.1
9.170074 0.600741 0.1
9.183610 0.522709 0.1
9.195787 0.444725 0.1
9.206611 0.366811 0.1
9.216087 0.288987 0.1
9.224222 0.211276 0.1
9.231022 0.133699 0.1
9.236493 0.056276 0.1
9.240643 -0.020970 0.1
9.243479 -0.098021 0.1
9.245008 -0.174854 0.1
9.245239 -0.251450 0.1
9.244179 -0.327788 0.1
9.241837 -0.403849 0.1
9.238222 -0.479612 0.1
9.233342 -0.555058 0.1
9.227208 -0.630167 0.1
9.219828 -0.704921 0.1
9.211212 -0.779300 0.1
9.201372 -0.853285 0.1
9.190316 -0.926858 0.1
9.178055 -1.000000 0.1
9.164601 -1.072693 0.1
9.149965 -1.144920 0.1
9.134158 -1.216662 0.1
9.117191 -1.287902 0.1
9.099077 -1.358623 0.1
9.079827 -1.428807 0.1
9.059455 -1.498438 0.1
9.037972 -1.567500 0.1
9.015391 -1.635975 0.1
8.991726 -1.703849 0.1
8.966989 -1.771105 0.1
8.941195 -1.837727 0.1
8.914356 -1.903700 0.1
8.886486 -1.969010 0.1
8.857600 -2.033641 0.1
8.827713 -2.097579 0.1
8.796837 -2.160810 0.1
8.764988 -2.223319 0.1
8.732181 -2.285093 0.1
8.698431 -2.346119 0.1
8.663752 -2.406383 0.1
8.628161 -2.465872 0.1
8.591672 -2.524574 0.1
8.554301 -2.582477 0.1
8.516065 -2.639568 0.1
8.476978 -2.695836 0.1
8.437058 -2.751268 0.1
8.396319 -2.805855 0.1
8.354779 -2.859585 0.1
8.312455 -2.912447 0.1
8.269362 -2.964431 0.1
8.225517 -3.015527 0.1
8.180938 -3.065725 0.1
8.135640 -3.115016 0.1
8.089642 -3.163391 0.1
8.042961 -3.210840 0.1
7.995613 -3.257356 0.1
7.947616 -3.302930 0.1
7.898987 -3.347553 0.1
7.849744 -3.391219 0.1
7.799905 -3.433920 0.1
7.749486 -3.475649 0.1
7.698507 -3.516398 0.1
7.646984 -3.556163 0.1
7.594936 -3.594936 0.1
7.542380 -3.632711 0.1
7.489334 -3.669484 0.1
7.435817 -3.705248 0.1
7.381845 -3.740000 0.1
7.327438 -3.773733 0.1
7.272614 -3.806444 0.1
7.217390 -3.838130 0.1
7.161784 -3.868785 0.1
7.105816 -3.898407 0.1
7.049502 -3.926992 0.1
6.992861 -3.954538 0.1
6.935912 -3.981042 0.1
6.878671 -4.006503 0.1
6.821158 -4.030917 0.1
6.763391 -4.054283 0.1
6.705387 -4.076600 0.1
6.647165 -4.097867 0.1
6.588743 -4.118084 0.1
6.530138 -4.137248 0.1
6.471369 -4.155362 0.1
6.412454 -4.172424 0.1
6.353410 -4.188435 0.1
6.294256 -4.203396 0.1
6.235009 -4.217308 0.1
6.175686 -4.230171 0.1
6.116306 -4.241989 0.1
6.056886 -4.252761 0.1
5.997444 -4.262491 0.1
5.937996 -4.271181 0.1
5.878561 -4.278834 0.1
5.819155 -4.285452 0.1
5.759796 -4.291039 0.1
5.700501 -4.295598 0.1
5.641287 -4.299134 0.1
5.582170 -4.301649 0.1
5.523167 -4.303149 0.1
5.464296 -4.303638 0.1
5.405572 -4.303120 0.1
5.347012 -4.301601 0.1
5.288633 -4.299087 0.1
5.230450 -4.295582 0.1
5.172479 -4.291092 0.1
5.114737 -4.285625 0.1
5.057238 -4.279185 0.1
5.000000 -4.271780 0.1
4.943037 -4.263417 0.1
4.886364 -4.254101 0.1
4.829997 -4.243842 0.1
4.773951 -4.232646 0.1
4.718241 -4.220521 0.1
4.662881 -4.207474 0.1
4.607886 -4.193515 0.1
4.553270 -4.178651 0.1
4.499047 -4.162892 0.1
4.445232 -4.146245 0.1
4.391838 -4.128721 0.1
4.338879 -4.110328 0.1
4.286369 -4.091076 0.1
4.234320 -4.070974 0.1
4.182746 -4.050032 0.1
4.131660 -4.028260 0.1
4.081075 -4.005669 0.1
4.031002 -3.982269 0.1
3.981455 -3.958071 0.1
3.932445 -3.933085 0.1
3.883984 -3.907322 0.1
3.836084 -3.880793 0.1
3.788757 -3.853510 0.1
3.742013 -3.825484 0.1
3.695865 -3.796727 0.1
3.650322 -3.767250 0.1
3.605395 -3.737066 0.1
3.561095 -3.706186 0.1
3.517432 -3.674623 0.1
3.474416 -3.642389 0.1
3.432057 -3.609496 0.1
3.390363 -3.575957 0.1
3.349345 -3.541785 0.1
3.309012 -3.506993 0.1
3.269371 -3.471594 0.1
3.230433 -3.435600 0.1
3.192204 -3.399026 0.1
3.154694 -3.361884 0.1
3.117910 -3.324187 0.1
3.081860 -3.285950 0.1
3.046551 -3.247186 0.1
3.011990 -3.207909 0.1
2.978185 -3.168132 0.1
2.945141 -3.127869 0.1
2.912865 -3.087135 0.1
2.881364 -3.045943 0.1
2.850644 -3.004307 0.1
2.820709 -2.962242 0.1
2.791566 -2.919763 0.1
2.763219 -2.876882 0.1
2.735674 -2.833615 0.1
2.708936 -2.789976 0.1
2.683007 -2.745979 0.1
2.657894 -2.701639 0.1
2.633600 -2.656971 0.1
2.610128 -2.611989 0.1
2.587482 -2.566708 0.1
2.565665 -2.521141 0.1
2.544680 -2.475305 0.1
2.524530 -2.429213 0.1
2.505217 -2.382881 0.1
2.486743 -2.336322 0.1
2.469111 -2.289553 0.1
2.452321 -2.242586 0.1
2.436376 -2.195437 0.1
2.421277 -2.148122 0.1
2.407024 -2.100653 0.1
2.393618 -2.053047 0.1
2.381060 -2.005317 0.1
2.369350 -1.957478 0.1
2.358487 -1.909546 0.1
2.348473 -1.861533 0.1
2.339305 -1.813456 0.1
2.330984 -1.765328 0.1
2.323508 -1.717164 0.1
2.316876 -1.668978 0.1
2.311087 -1.620784 0.1
2.306139 -1.572598 0.1
2.302029 -1.524432 0.1
2.298757 -1.476302 0.1
2.296318 -1.428221 0.1
2.294712 -1.380203 0.1
2.293934 -1.332263 0.1
2.293982 -1.284414 0.1
2.294853 -1.236670 0.1
2.296542 -1.189044 0.1
2.299047 -1.141551 0.1
2.302362 -1.094204 0.1
2.306485 -1.047015 0.1
2.311410 -1.000000 0.1
2.317133 -0.953170 0.1
2.323649 -0.906540 0.1
2.330953 -0.860121 0.1
2.339040 -0.813928 0.1
2.347904 -0.767972 0.1
2.357539 -0.722266 0.1
2.367941 -0.676824 0.1
2.379102 -0.631657 0.1
2.391016 -0.586778 0.1
2.403677 -0.542198 0.1
2.417078 -0.497931 0.1
2.431213 -0.453988 0.1
2.446074 -0.410380 0.1
2.461655 -0.367119 0.1
2.477947 -0.324218 0.1
2.494943 -0.281687 0.1
2.512636 -0.239537 0.1
2.531018 -0.197779 0.1
2.550079 -0.156425 0.1
2.569814 -0.115484 0.1
2.590211 -0.074969 0.1
2.611265 -0.034888 0.1
2.632964 0.004747 0.1
2.655301 0.043927 0.1
2.678267 0.082642 0.1
2.701852 0.120882 0.1
2.726048 0.158637 0.1
2.750843 0.195898 0.1
2.776230 0.232656 0.1
2.802198 0.268902 0.1
2.828737 0.304626 0.1
2.855838 0.339821 0.1
2.883489 0.374478 0.1
2.911682 0.408588 0.1
2.940405 0.442144 0.1
2.969648 0.475137 0.1
2.999401 0.507560 0.1
3.029652 0.539405 0.1
3.060391 0.570665 0.1
3.091607 0.601332 0.1
3.123288 0.631400 0.1
3.155425 0.660863 0.1
3.188005 0.689713 0.1
3.221018 0.717943 0.1
3.254451 0.745549 0.1
3.288293 0.772524 0.1
3.322534 0.798862 0.1
3.357160 0.824558 0.1
3.392161 0.849607 0.1
3.427525 0.874002 0.1
3.463240 0.897741 0.1
3.499294 0.920817 0.1
3.535674 0.943226 0.1
3.572370 0.964964 0.1
3.609369 0.986027 0.1
3.646659 1.006411 0.1
3.684228 1.026112 0.1
3.722063 1.045127 0.1
3.760152 1.063453 0.1
3.798484 1.081087 0.1
3.837046 1.098025 0.1
3.875825 1.114266 0.1
3.914809 1.129807 0.1
3.953987 1.144645 0.1
3.993345 1.158779 0.1
4.032871 1.172208 0.1
4.072553 1.184928 0.1
4.112378 1.196940 0.1
4.152335 1.208242 0.1
4.192411 1.218834 0.1
4.232592 1.228714 0.1
4.272868 1.237881 0.1
4.313226 1.246337 0.1
4.353653 1.254080 0.1
4.394137 1.261112 0.1
4.434666 1.267431 0.1
4.475228 1.273039 0.1
4.515810 1.277937 0.1
4.556400 1.282125 0.1
4.596986 1.285605 0.1
4.637556 1.288379 0.1
4.678099 1.290446 0.1
4.718601 1.291811 0.1
4.759051 1.292473 0.1
4.799438 1.292437 0.1
4.839749 1.291703 0.1
4.879972 1.290275 0.1
4.920096 1.288155 0.1
4.960109 1.285347 0.1
5.000000 1.281853 0.1
5.039757 1.277677 0.1
5.079369 1.272822 0.1
5.118824 1.267292 0.1
5.158111 1.261091 0.1
5.197219 1.254224 0.1
5.236137 1.246693 0.1
5.274854 1.238505 0.1
5.313359 1.229663 0.1
5.351641 1.220172 0.1
5.389689 1.210037 0.1
5.427494 1.199264 0.1
5.465043 1.187857 0.1
5.502328 1.175823 0.1
5.539338 1.163166 0.1
5.576062 1.149894 0.1
5.612491 1.136010 0.1
5.648615 1.121523 0.1
5.684423 1.106437 0.1
5.719907 1.090761 0.1
5.755056 1.074499 0.1
5.789861 1.057659 0.1
5.824314 1.040248 0.1
5.858404 1.022273 0.1
5.892123 1.003741 0.1
5.925462 0.984660 0.1
5.958412 0.965036 0.1
5.990965 0.944878 0.1
6.023111 0.924193 0.1
6.054844 0.902989 0.1
6.086154 0.881274 0.1
6.117034 0.859057 0.1
6.147476 0.836345 0.1
6.177471 0.813147 0.1
6.207014 0.789471 0.1
6.236095 0.765326 0.1
6.264708 0.740721 0.1
6.292846 0.715665 0.1
6.320502 0.690165 0.1
6.347669 0.664232 0.1
6.374340 0.637875 0.1
6.400510 0.611103 0.1
6.426172 0.583924 0.1
6.451319 0.556349 0.1
6.475946 0.528387 0.1
6.500048 0.500048 0.1
6.523618 0.471341 0.1
6.546651 0.442275 0.1
6.569142 0.412862 0.1
6.591086 0.383110 0.1
6.612478 0.353030 0.1
6.633314 0.322631 0.1
6.653588 0.291925 0.1
6.673297 0.260920 0.1
6.692436 0.229627 0.1
6.711001 0.198056 0.1
6.728989 0.166218 0.1
6.746396 0.134123 0.1
6.763219 0.101781 0.1
6.779454 0.069204 0.1
6.795098 0.036400 0.1
6.810148 0.003381 0.1
6.824602 -0.029842 0.1
6.838457 -0.063259 0.1
6.851711 -0.096860 0.1
6.864361 -0.130634 0.1
6.876406 -0.164570 0.1
6.887845 -0.198658 0.1
6.898674 -0.232886 0.1
6.908893 -0.267245 0.1
6.918501 -0.301723 0.1
6.927497 -0.336310 0.1
6.935879 -0.370995 0.1
6.943647 -0.405767 0.1
6.950801 -0.440617 0.1
6.957341 -0.475532 0.1
6.963265 -0.510503 0.1
6.968575 -0.545519 0.1
6.973270 -0.580569 0.1
6.977351 -0.615642 0.1
6.980819 -0.650728 0.1
6.983673 -0.685817 0.1
6.985916 -0.720898 0.1
6.987549 -0.755960 0.1
6.988572 -0.790993 0.1
6.988987 -0.825986 0.1
6.988796 -0.860930 0.1
6.988000 -0.895813 0.1
6.986603 -0.930626 0.1
6.984605 -0.965359 0.1
6.982009 -1.000000 0.1
6.978818 -1.034540 0.1
6.975034 -1.068970 0.1
6.970661 -1.103278 0.1
6.965701 -1.137455 0.1
6.960157 -1.171492 0.1
6.954034 -1.205377 0.1
6.947333 -1.239102 0.1
6.940060 -1.272658 0.1
6.932217 -1.306033 0.1
6.923810 -1.339220 0.1
6.914841 -1.372207 0.1
6.905315 -1.404987 0.1
6.895238 -1.437550 0.1
6.884612 -1.469887 0.1
6.873444 -1.501988 0.1
6.861738 -1.533845 0.1
6.849499 -1.565449 0.1
6.836732 -1.596790 0.1
6.823443 -1.627862 0.1
6.809636 -1.658654 0.1
6.795319 -1.689158 0.1
6.780496 -1.719367 0.1
6.765173 -1.749271 0.1
6.749356 -1.778864 0.1
6.733052 -1.808135 0.1
6.716267 -1.837079 0.1
6.699006 -1.865687 0.1
6.681278 -1.893951 0.1
6.663087 -1.921864 0.1
6.644442 -1.949419 0.1
6.625348 -1.976608 0.1
6.605813 -2.003424 0.1
6.585845 -2.029860 0.1
6.565449 -2.055909 0.1
6.544634 -2.081564 0.1
6.523407 -2.106820 0.1
6.501775 -2.131668 0.1
6.479746 -2.156104 0.1
6.457328 -2.180121 0.1
6.434528 -2.203712 0.1
6.411355 -2.226872 0.1
6.387817 -2.249596 0.1
6.363920 -2.271876 0.1
6.339675 -2.293709 0.1
6.315088 -2.315088 0.1
6.290169 -2.336009 0.1
6.264925 -2.356466 0.1
6.239366 -2.376455 0.1
6.213499 -2.395971 0.1
6.187333 -2.415009 0.1
6.160877 -2.433564 0.1
6.134140 -2.451633 0.1
6.107131 -2.469212 0.1
6.079857 -2.486296 0.1
6.052329 -2.502882 0.1
6.024555 -2.518966 0.1
5.996545 -2.534544 0.1
5.968306 -2.549614 0.1
5.939849 -2.564172 0.1
5.911183 -2.578215 0.1
5.882316 -2.591740 0.1
5.853258 -2.604745 0.1
5.824018 -2.617226 0.1
5.794606 -2.629183 0.1
5.765030 -2.640612 0.1
5.735300 -2.651511 0.1
5.705426 -2.661879 0.1
5.675416 -2.671714 0.1
5.645281 -2.681015 0.1
5.615029 -2.689779 0.1
5.584670 -2.698006 0.1
5.554214 -2.705695 0.1
5.523669 -2.712845 0.1
5.493046 -2.719454 0.1
5.462353 -2.725524 0.1
5.431600 -2.731052 0.1
5.400796 -2.736039 0.1
5.369952 -2.740485 0.1
5.339075 -2.744390 0.1
5.308176 -2.747755 0.1
5.277264 -2.750578 0.1
5.246349 -2.752862 0.1
5.215439 -2.754606 0.1
5.184543 -2.755813 0.1
5.153672 -2.756482 0.1
5.122834 -2.756614 0.1
5.092039 -2.756213 0.1
5.061296 -2.755277 0.1
5.030613 -2.753811 0.1
5.000000 -2.751814 0.1
4.969466 -2.749290 0.1
4.939020 -2.746240 0.1
4.908671 -2.742667 0.1
4.878427 -2.738573 0.1
4.848298 -2.733960 0.1
4.818292 -2.728832 0.1
4.788419 -2.723191 0.1
4.758686 -2.717040 0.1
4.729102 -2.710382 0.1
4.699676 -2.703221 0.1
4.670417 -2.695560 0.1
4.641332 -2.687403 0.1
4.612429 -2.678753 0.1
4.583719 -2.669614 0.1
4.555207 -2.659990 0.1
4.526903 -2.649886 0.1
4.498814 -2.639305 0.1
4.470949 -2.628253 0.1
4.443314 -2.616733 0.1
4.415919 -2.604749 0.1
4.388770 -2.592308 0.1
4.361875 -2.579414 0.1
4.335242 -2.566071 0.1
4.308878 -2.552286 0.1
4.282790 -2.538062 0.1
4.256985 -2.523407 0.1
4.231471 -2.508324 0.1
4.206254 -2.492820 0.1
4.181341 -2.476900 0.1
4.156739 -2.460571 0.1
4.132455 -2.443838 0.1
4.108495 -2.426707 0.1
4.084865 -2.409184 0.1
4.061572 -2.391276 0.1
4.038623 -2.372989 0.1
4.016022 -2.354330 0.1
3.993776 -2.335304 0.1
3.971892 -2.315919 0.1
3.950373 -2.296181 0.1
3.929227 -2.276097 0.1
3.908459 -2.255674 0.1
3.888073 -2.234920 0.1
3.868076 -2.213840 0.1
3.848472 -2.192442 0.1
3.829266 -2.170734 0.1
3.810463 -2.148723 0.1
3.792068 -2.126415 0.1
3.774084 -2.103819 0.1
3.756518 -2.080942 0.1
3.739372 -2.057792 0.1
3.722652 -2.034376 0.1
3.706360 -2.010702 0.1
3.690502 -1.986778 0.1
3.675080 -1.962611 0.1
3.660098 -1.938209 0.1
3.645560 -1.913581 0.1
3.631469 -1.888734 0.1
3.617829 -1.863676 0.1
3.604641 -1.838416 0.1
3.591910 -1.812961 0.1
3.579638 -1.787320 0.1
3.567827 -1.761500 0.1
3.556479 -1.735510 0.1
3.545599 -1.709359 0.1
3.535186 -1.683054 0.1
3.525244 -1.656604 0.1
3.515775 -1.630016 0.1
3.506779 -1.603300 0.1
3.498259 -1.576464 0.1
3.490216 -1.549516 0.1
3.482651 -1.522465 0.1
3.475566 -1.495319 0.1
3.468962 -1.468085 0.1
3.462839 -1.440774 0.1
3.457198 -1.413393 0.1
3.452039 -1.385950 0.1
3.447364 -1.358454 0.1
3.443172 -1.330914 0.1
3.439463 -1.303338 0.1
3.436238 -1.275733 0.1
3.433497 -1.248110 0.1
3.431238 -1.220475 0.1
3.429462 -1.192838 0.1
3.428168 -1.165206 0.1
3.427355 -1.137589 0.1
3.427022 -1.109993 0.1
3.427169 -1.082429 0.1
3.427794 -1.054903 0.1
3.428896 -1.027424 0.1
3.430474 -1.000000 0.1
3.432525 -0.972640 0.1
3.435049 -0.945351 0.1
3.438042 -0.918141 0.1
3.441505 -0.891019 0.1
3.445433 -0.863993 0.1
3.449826 -0.837070 0.1
3.454680 -0.810259 0.1
3.459993 -0.783566 0.1
3.465762 -0.757001 0.1
3.471985 -0.730570 0.1
3.478659 -0.704281 0.1
3.485780 -0.678143 0.1
3.493346 -0.652162 0.1
3.501353 -0.626345 0.1
3.509798 -0.600702 0.1
3.518677 -0.575238 0.1
3.527987 -0.549961 0.1
3.537724 -0.524878 0.1
3.547883 -0.499996 0.1
3.558462 -0.475323 0.1
3.569455 -0.450865 0.1
3.580858 -0.426629 0.1
3.592668 -0.402623 0.1
3.604879 -0.378852 0.1
3.617487 -0.355324 0.1
3.630488 -0.332044 0.1
3.643876 -0.309020 0.1
3.657647 -0.286258 0.1
3.671795 -0.263764 0.1
3.686316 -0.241544 0.1
3.701205 -0.219605 0.1
3.716455 -0.197952 0.1
3.732062 -0.176591 0.1
3.748020 -0.155529 0.1
3.764323 -0.134770 0.1
3.780966 -0.114320 0.1
3.797943 -0.094185 0.1
3.815249 -0.074371 0.1
3.832876 -0.054882 0.1
3.850820 -0.035723 0.1
3.869074 -0.016901 0.1
3.887631 0.001581 0.1
3.906486 0.019718 0.1
3.925633 0.037504 0.1
3.945064 0.054936 0.1
3.964774 0.072008 0.1
3.984755 0.088717 0.1
4.005001 0.105058 0.1
4.025506 0.121027 0.1
4.046263 0.136620 0.1
4.067264 0.151833 0.1
4.088504 0.166662 0.1
4.109974 0.181104 0.1
4.131669 0.195155 0.1
4.153581 0.208812 0.1
4.175702 0.222071 0.1
4.198027 0.234930 0.1
4.220547 0.247386 0.1
4.243256 0.259434 0.1
4.266145 0.271074 0.1
4.289209 0.282301 0.1
4.312439 0.293114 0.1
4.335828 0.303511 0.1
4.359369 0.313488 0.1
4.383054 0.323044 0.1
4.406876 0.332177 0.1
4.430828 0.340886 0.1
4.454901 0.349167 0.1
4.479089 0.357020 0.1
4.503383 0.364444 0.1
4.527777 0.371436 0.1
4.552262 0.377996 0.1
4.576831 0.384123 0.1
4.601477 0.389816 0.1
4.626191 0.395074 0.1
4.650967 0.399896 0.1
4.675796 0.404281 0.1
4.700671 0.408231 0.1
4.725585 0.411743 0.1
4.750529 0.414818 0.1
4.775497 0.417456 0.1
4.800480 0.419658 0.1
4.825471 0.421423 0.1
4.850463 0.422751 0.1
4.875447 0.423644 0.1
4.900417 0.424102 0.1
4.925365 0.424125 0.1
4.950283 0.423715 0.1
4.975164 0.422873 0.1
5.000000 0.421599 0.1
