738
3.014921 5.417221 0.1
3.135781 5.421395 0.1
3.256107 5.423584 0.1
3.375871 5.423805 0.1
3.495048 5.422076 0.1
3.613611 5.418415 0.1
3.731534 5.412841 0.1
3.848792 5.405371 0.1
3.965361 5.396025 0.1
4.081215 5.384822 0.1
4.196330 5.371781 0.1
4.310682 5.356921 0.1
4.424248 5.340263 0.1
4.537004 5.321827 0.1
4.648927 5.301632 0.1
4.759995 5.279699 0.1
4.870185 5.256049 0.1
4.979476 5.230704 0.1
5.087845 5.203683 0.1
5.195273 5.175009 0.1
5.301737 5.144704 0.1
5.407218 5.112788 0.1
5.511696 5.079284 0.1
5.615150 5.044215 0.1
5.717561 5.007602 0.1
5.818911 4.969469 0.1
5.919181 4.929837 0.1
6.018353 4.888730 0.1
6.116408 4.846172 0.1
6.213330 4.802185 0.1
6.309102 4.756793 0.1
6.403706 4.710019 0.1
6.497126 4.661888 0.1
6.589347 4.612422 0.1
6.680354 4.561647 0.1
6.770130 4.509587 0.1
6.858661 4.456265 0.1
6.945934 4.401706 0.1
7.031933 4.345935 0.1
7.116646 4.288976 0.1
7.200059 4.230854 0.1
7.282160 4.171595 0.1
7.362936 4.111223 0.1
7.442376 4.049763 0.1
7.520467 3.987240 0.1
7.597199 3.923679 0.1
7.672561 3.859107 0.1
7.746543 3.793548 0.1
7.819134 3.727028 0.1
7.890325 3.659572 0.1
7.960108 3.591205 0.1
8.028473 3.521955 0.1
8.095412 3.451845 0.1
8.160916 3.380903 0.1
8.224980 3.309153 0.1
8.287595 3.236621 0.1
8.348754 3.163334 0.1
8.408452 3.089316 0.1
8.466683 3.014595 0.1
8.523440 2.939194 0.1
8.578720 2.863142 0.1
8.632516 2.786462 0.1
8.684825 2.709182 0.1
8.735644 2.631326 0.1
8.784967 2.552920 0.1
8.832793 2.473991 0.1
8.879118 2.394564 0.1
8.923941 2.314664 0.1
8.967258 2.234318 0.1
9.009069 2.153550 0.1
9.049373 2.072386 0.1
9.088168 1.990852 0.1
9.125454 1.908973 0.1
9.161232 1.826774 0.1
9.195501 1.744281 0.1
9.228262 1.661518 0.1
9.259517 1.578510 0.1
9.289266 1.495283 0.1
9.317512 1.411862 0.1
9.344257 1.328271 0.1
9.369504 1.244534 0.1
9.393254 1.160676 0.1
9.415513 1.076722 0.1
9.436283 0.992696 0.1
9.455569 0.908622 0.1
9.473374 0.824524 0.1
9.489704 0.740426 0.1
9.504564 0.656351 0.1
9.517959 0.572324 0.1
9.529894 0.488367 0.1
9.540377 0.404503 0.1
9.549414 0.320757 0.1
9.557010 0.237150 0.1
9.563174 0.153706 0.1
9.567914 0.070447 0.1
9.571235 -0.012605 0.1
9.573148 -0.095427 0.1
9.573660 -0.177997 0.1
9.572780 -0.260294 0.1
9.570517 -0.342296 0.1
9.566880 -0.423981 0.1
9.561879 -0.505329 0.1
9.555525 -0.586318 0.1
9.547826 -0.666928 0.1
9.538795 -0.747137 0.1
9.528441 -0.826927 0.1
9.516776 -0.906276 0.1
9.503811 -0.985164 0.1
9.489559 -1.063573 0.1
9.474030 -1.141483 0.1
9.457237 -1.218874 0.1
9.439193 -1.295728 0.1
9.419910 -1.372025 0.1
9.399401 -1.447749 0.1
9.377680 -1.522880 0.1
9.354760 -1.597400 0.1
9.330655 -1.671293 0.1
9.305379 -1.744540 0.1
9.278946 -1.817125 0.1
9.251370 -1.889030 0.1
9.222666 -1.960239 0.1
9.192849 -2.030737 0.1
9.161935 -2.100506 0.1
9.129938 -2.169532 0.1
9.096874 -2.237798 0.1
9.062758 -2.305290 0.1
9.027607 -2.371993 0.1
8.991437 -2.437892 0.1
8.954263 -2.502974 0.1
8.916103 -2.567223 0.1
8.876973 -2.630627 0.1
8.836890 -2.693172 0.1
8.795871 -2.754844 0.1
8.753933 -2.815633 0.1
8.711092 -2.875524 0.1
8.667368 -2.934505 0.1
8.622777 -2.992566 0.1
8.577337 -3.049694 0.1
8.531065 -3.105878 0.1
8.483981 -3.161108 0.1
8.436101 -3.215372 0.1
8.387445 -3.268661 0.1
8.338030 -3.320965 0.1
8.287875 -3.372273 0.1
8.236999 -3.422577 0.1
8.185420 -3.471868 0.1
8.133157 -3.520137 0.1
8.080229 -3.567376 0.1
8.026654 -3.613576 0.1
7.972452 -3.658731 0.1
7.917642 -3.702832 0.1
7.862243 -3.745873 0.1
7.806275 -3.787847 0.1
7.749755 -3.828748 0.1
7.692705 -3.868569 0.1
7.635142 -3.907305 0.1
7.577087 -3.944951 0.1
7.518559 -3.981501 0.1
7.459577 -4.016951 0.1
7.400162 -4.051296 0.1
7.340331 -4.084532 0.1
7.280106 -4.116655 0.1
7.219505 -4.147663 0.1
7.158548 -4.177551 0.1
7.097255 -4.206317 0.1
7.035645 -4.233959 0.1
6.973737 -4.260474 0.1
6.911552 -4.285861 0.1
6.849108 -4.310118 0.1
6.786426 -4.333244 0.1
6.723524 -4.355237 0.1
6.660422 -4.376098 0.1
6.597139 -4.395827 0.1
6.533695 -4.414422 0.1
6.470109 -4.431886 0.1
6.406400 -4.448217 0.1
6.342588 -4.463418 0.1
6.278691 -4.477490 0.1
6.214728 -4.490434 0.1
6.150719 -4.502252 0.1
6.086682 -4.512946 0.1
6.022636 -4.522520 0.1
5.958599 -4.530975 0.1
5.894591 -4.538315 0.1
5.830630 -4.544544 0.1
5.766734 -4.549664 0.1
5.702922 -4.553681 0.1
5.639211 -4.556598 0.1
5.575620 -4.558420 0.1
5.512167 -4.559151 0.1
5.448870 -4.558798 0.1
5.385746 -4.557365 0.1
5.322813 -4.554858 0.1
5.260088 -4.551283 0.1
5.197589 -4.546646 0.1
5.135332 -4.540954 0.1
5.073336 -4.534213 0.1
5.011616 -4.526431 0.1
4.950190 -4.517615 0.1
4.889073 -4.507772 0.1
4.828283 -4.496911 0.1
4.767836 -4.485038 0.1
4.707747 -4.472163 0.1
4.648032 -4.458294 0.1
4.588708 -4.443441 0.1
4.529789 -4.427610 0.1
4.471291 -4.410813 0.1
4.413230 -4.393059 0.1
4.355619 -4.374357 0.1
4.298475 -4.354717 0.1
4.241810 -4.334149 0.1
4.185641 -4.312664 0.1
4.129980 -4.290273 0.1
4.074843 -4.266985 0.1
4.020241 -4.242813 0.1
3.966190 -4.217766 0.1
3.912703 -4.191857 0.1
3.859792 -4.165098 0.1
3.807470 -4.137499 0.1
3.755750 -4.109073 0.1
3.704645 -4.079833 0.1
3.654166 -4.049789 0.1
3.604326 -4.018955 0.1
3.555137 -3.987344 0.1
3.506609 -3.954968 0.1
3.458754 -3.921840 0.1
3.411584 -3.887973 0.1
3.365108 -3.853381 0.1
3.319338 -3.818077 0.1
3.274283 -3.782075 0.1
3.229954 -3.745387 0.1
3.186361 -3.708029 0.1
3.143513 -3.670014 0.1
3.101419 -3.631356 0.1
3.060089 -3.592070 0.1
3.019531 -3.552169 0.1
2.979753 -3.511669 0.1
2.940765 -3.470583 0.1
2.902573 -3.428926 0.1
2.865187 -3.386714 0.1
2.828612 -3.343961 0.1
2.792857 -3.300682 0.1
2.757929 -3.256891 0.1
2.723833 -3.212605 0.1
2.690577 -3.167838 0.1
2.658167 -3.122606 0.1
2.626608 -3.076924 0.1
2.595906 -3.030806 0.1
2.566067 -2.984270 0.1
2.537096 -2.937330 0.1
2.508997 -2.890002 0.1
2.481776 -2.842301 0.1
2.455435 -2.794244 0.1
2.429980 -2.745845 0.1
2.405415 -2.697121 0.1
2.381741 -2.648087 0.1
2.358964 -2.598759 0.1
2.337085 -2.549153 0.1
2.316108 -2.499284 0.1
2.296034 -2.449169 0.1
2.276867 -2.398823 0.1
2.258607 -2.348263 0.1
2.241257 -2.297503 0.1
2.224818 -2.246561 0.1
2.209290 -2.195450 0.1
2.194675 -2.144188 0.1
2.180973 -2.092791 0.1
2.168185 -2.041273 0.1
2.156310 -1.989651 0.1
2.145349 -1.937940 0.1
2.135300 -1.886156 0.1
2.126163 -1.834314 0.1
2.117937 -1.782431 0.1
2.110621 -1.730521 0.1
2.104212 -1.678600 0.1
2.098711 -1.626684 0.1
2.094113 -1.574787 0.1
2.090417 -1.522926 0.1
2.087621 -1.471115 0.1
2.085721 -1.419369 0.1
2.084715 -1.367704 0.1
2.084599 -1.316134 0.1
2.085370 -1.264674 0.1
2.087024 -1.213340 0.1
2.089557 -1.162145 0.1
2.092964 -1.111105 0.1
2.097242 -1.060233 0.1
2.102385 -1.009545 0.1
2.108389 -0.959054 0.1
2.115249 -0.908775 0.1
2.122958 -0.858722 0.1
2.131511 -0.808909 0.1
2.140903 -0.759349 0.1
2.151128 -0.710056 0.1
2.162178 -0.661044 0.1
2.174049 -0.612327 0.1
2.186732 -0.563917 0.1
2.200221 -0.515827 0.1
2.214509 -0.468071 0.1
2.229588 -0.420662 0.1
2.245452 -0.373612 0.1
2.262092 -0.326934 0.1
2.279500 -0.280641 0.1
2.297668 -0.234743 0.1
2.316589 -0.189255 0.1
2.336253 -0.144186 0.1
2.356651 -0.099551 0.1
2.377776 -0.055359 0.1
2.399617 -0.011622 0.1
2.422166 0.031648 0.1
2.445413 0.074440 0.1
2.469349 0.116744 0.1
2.493965 0.158549 0.1
2.519249 0.199844 0.1
2.545192 0.240619 0.1
2.571785 0.280863 0.1
2.599016 0.320567 0.1
2.626875 0.359721 0.1
2.655351 0.398316 0.1
2.684435 0.436342 0.1
2.714114 0.473789 0.1
2.744378 0.510650 0.1
2.775216 0.546914 0.1
2.806616 0.582574 0.1
2.838567 0.617621 0.1
2.871057 0.652048 0.1
2.904076 0.685845 0.1
2.937610 0.719006 0.1
2.971649 0.751522 0.1
3.006179 0.783387 0.1
3.041190 0.814593 0.1
3.076669 0.845134 0.1
3.112604 0.875003 0.1
3.148982 0.904193 0.1
3.185791 0.932698 0.1
3.223018 0.960513 0.1
3.260651 0.987631 0.1
3.298677 1.014047 0.1
3.337084 1.039755 0.1
3.375859 1.064751 0.1
3.414988 1.089029 0.1
3.454459 1.112585 0.1
3.494259 1.135415 0.1
3.534375 1.157514 0.1
3.574794 1.178878 0.1
3.615502 1.199504 0.1
3.656487 1.219388 0.1
3.697736 1.238526 0.1
3.739234 1.256917 0.1
3.780970 1.274556 0.1
3.822929 1.291441 0.1
3.865098 1.307570 0.1
3.907465 1.322941 0.1
3.950015 1.337551 0.1
3.992736 1.351400 0.1
4.035614 1.364486 0.1
4.078635 1.376806 0.1
4.121787 1.388361 0.1
4.165056 1.399150 0.1
4.208429 1.409172 0.1
4.251893 1.418426 0.1
4.295434 1.426914 0.1
4.339039 1.434633 0.1
4.382694 1.441586 0.1
4.426388 1.447773 0.1
4.470106 1.453194 0.1
4.513835 1.457850 0.1
4.557562 1.461743 0.1
4.601275 1.464875 0.1
4.644960 1.467246 0.1
4.688604 1.468858 0.1
4.732194 1.469715 0.1
4.775719 1.469817 0.1
4.819164 1.469168 0.1
4.862517 1.467771 0.1
4.905766 1.465627 0.1
4.948897 1.462742 0.1
4.991900 1.459116 0.1
5.034760 1.454756 0.1
5.077466 1.449663 0.1
5.120006 1.443843 0.1
5.162367 1.437298 0.1
5.204537 1.430035 0.1
5.246505 1.422056 0.1
5.288258 1.413368 0.1
5.329785 1.403975 0.1
5.371074 1.393881 0.1
5.412114 1.383093 0.1
5.452893 1.371616 0.1
5.493400 1.359455 0.1
5.533624 1.346617 0.1
5.573553 1.333108 0.1
5.613176 1.318933 0.1
5.652484 1.304100 0.1
5.691464 1.288614 0.1
5.730107 1.272483 0.1
5.768402 1.255713 0.1
5.806339 1.238312 0.1
5.843907 1.220287 0.1
5.881097 1.201644 0.1
5.917899 1.182393 0.1
5.954302 1.162540 0.1
5.990298 1.142094 0.1
6.025876 1.121062 0.1
6.061028 1.099453 0.1
6.095745 1.077274 0.1
6.130017 1.054535 0.1
6.163835 1.031244 0.1
6.197192 1.007410 0.1
6.230078 0.983041 0.1
6.262485 0.958147 0.1
6.294405 0.932736 0.1
6.325830 0.906819 0.1
6.356752 0.880403 0.1
6.387163 0.853500 0.1
6.417057 0.826117 0.1
6.446425 0.798266 0.1
6.475261 0.769956 0.1
6.503558 0.741196 0.1
6.531308 0.711997 0.1
6.558505 0.682369 0.1
6.585144 0.652322 0.1
6.611217 0.621867 0.1
6.636718 0.591013 0.1
6.661643 0.559772 0.1
6.685984 0.528153 0.1
6.709737 0.496168 0.1
6.732897 0.463827 0.1
6.755457 0.431141 0.1
6.777414 0.398121 0.1
6.798763 0.364778 0.1
6.819498 0.331122 0.1
6.839617 0.297165 0.1
6.859114 0.262918 0.1
6.877985 0.228392 0.1
6.896228 0.193598 0.1
6.913839 0.158548 0.1
6.930813 0.123252 0.1
6.947148 0.087722 0.1
6.962842 0.051970 0.1
6.977890 0.016006 0.1
6.992292 -0.020157 0.1
7.006044 -0.056509 0.1
7.019144 -0.093038 0.1
7.031590 -0.129732 0.1
7.043381 -0.166580 0.1
7.054515 -0.203571 0.1
7.064990 -0.240692 0.1
7.074806 -0.277933 0.1
7.083962 -0.315282 0.1
7.092456 -0.352728 0.1
7.100288 -0.390258 0.1
7.107458 -0.427861 0.1
7.113966 -0.465527 0.1
7.119811 -0.503242 0.1
7.124995 -0.540997 0.1
7.129516 -0.578780 0.1
7.133377 -0.616578 0.1
7.136577 -0.654381 0.1
7.139118 -0.692178 0.1
7.141000 -0.729956 0.1
7.142226 -0.767706 0.1
7.142797 -0.805415 0.1
7.142714 -0.843072 0.1
7.141980 -0.880667 0.1
7.140596 -0.918188 0.1
7.138566 -0.955624 0.1
7.135891 -0.992964 0.1
7.132574 -1.030198 0.1
7.128618 -1.067313 0.1
7.124026 -1.104301 0.1
7.118801 -1.141149 0.1
7.112947 -1.177848 0.1
7.106467 -1.214386 0.1
7.099365 -1.250753 0.1
7.091646 -1.286939 0.1
7.083312 -1.322933 0.1
7.074368 -1.358726 0.1
7.064820 -1.394306 0.1
7.054670 -1.429665 0.1
7.043925 -1.464791 0.1
7.032589 -1.499676 0.1
7.020667 -1.534308 0.1
7.008164 -1.568680 0.1
6.995086 -1.602780 0.1
6.981439 -1.636600 0.1
6.967227 -1.670131 0.1
6.952458 -1.703362 0.1
6.937136 -1.736285 0.1
6.921269 -1.768891 0.1
6.904862 -1.801171 0.1
6.887922 -1.833116 0.1
6.870455 -1.864718 0.1
6.852469 -1.895968 0.1
6.833970 -1.926857 0.1
6.814964 -1.957378 0.1
6.795460 -1.987522 0.1
6.775464 -2.017282 0.1
6.754985 -2.046649 0.1
6.734028 -2.075615 0.1
6.712602 -2.104174 0.1
6.690715 -2.132317 0.1
6.668375 -2.160037 0.1
6.645589 -2.187328 0.1
6.622366 -2.214182 0.1
6.598713 -2.240592 0.1
6.574639 -2.266552 0.1
6.550153 -2.292055 0.1
6.525263 -2.317095 0.1
6.499977 -2.341665 0.1
6.474305 -2.365760 0.1
6.448254 -2.389373 0.1
6.421835 -2.412498 0.1
6.395055 -2.435131 0.1
6.367924 -2.457265 0.1
6.340451 -2.478896 0.1
6.312645 -2.500017 0.1
6.284516 -2.520625 0.1
6.256072 -2.540715 0.1
6.227323 -2.560281 0.1
6.198279 -2.579319 0.1
6.168949 -2.597826 0.1
6.139343 -2.615796 0.1
6.109470 -2.633226 0.1
6.079340 -2.650113 0.1
6.048963 -2.666452 0.1
6.018349 -2.682240 0.1
5.987507 -2.697474 0.1
5.956447 -2.712151 0.1
5.925179 -2.726267 0.1
5.893714 -2.739821 0.1
5.862061 -2.752809 0.1
5.830230 -2.765230 0.1
5.798232 -2.777080 0.1
5.766075 -2.788358 0.1
5.733771 -2.799063 0.1
5.701330 -2.809191 0.1
5.668761 -2.818742 0.1
5.636075 -2.827715 0.1
5.603282 -2.836108 0.1
5.570392 -2.843921 0.1
5.537415 -2.851152 0.1
5.504361 -2.857800 0.1
5.471241 -2.863866 0.1
5.438064 -2.869349 0.1
5.404841 -2.874249 0.1
5.371582 -2.878566 0.1
5.338297 -2.882301 0.1
5.304996 -2.885452 0.1
5.271689 -2.888023 0.1
5.238386 -2.890012 0.1
5.205098 -2.891420 0.1
5.171833 -2.892250 0.1
5.138603 -2.892502 0.1
5.105416 -2.892178 0.1
5.072283 -2.891279 0.1
5.039214 -2.889807 0.1
5.006218 -2.887763 0.1
4.973306 -2.885151 0.1
4.940486 -2.881972 0.1
4.907769 -2.878229 0.1
4.875164 -2.873923 0.1
4.842681 -2.869059 0.1
4.810328 -2.863639 0.1
4.778116 -2.857665 0.1
4.746054 -2.851142 0.1
4.714151 -2.844072 0.1
4.682417 -2.836459 0.1
4.650859 -2.828307 0.1
4.619488 -2.819619 0.1
4.588313 -2.810400 0.1
4.557342 -2.800654 0.1
4.526584 -2.790384 0.1
4.496047 -2.779595 0.1
4.465741 -2.768293 0.1
4.435675 -2.756481 0.1
4.405855 -2.744164 0.1
4.376292 -2.731348 0.1
4.346992 -2.718037 0.1
4.317965 -2.704238 0.1
4.289218 -2.689954 0.1
4.260759 -2.675191 0.1
4.232596 -2.659957 0.1
4.204737 -2.644255 0.1
4.177190 -2.628092 0.1
4.149961 -2.611474 0.1
4.123059 -2.594407 0.1
4.096491 -2.576897 0.1
4.070263 -2.558951 0.1
4.044383 -2.540576 0.1
4.018858 -2.521777 0.1
3.993695 -2.502562 0.1
3.968900 -2.482937 0.1
3.944479 -2.462909 0.1
3.920441 -2.442486 0.1
3.896789 -2.421674 0.1
3.873532 -2.400480 0.1
3.850674 -2.378913 0.1
3.828222 -2.356979 0.1
3.806181 -2.334685 0.1
3.784558 -2.312041 0.1
3.763357 -2.289052 0.1
3.742584 -2.265727 0.1
3.722244 -2.242074 0.1
3.702343 -2.218101 0.1
3.682885 -2.193815 0.1
3.663874 -2.169226 0.1
3.645317 -2.144340 0.1
3.627216 -2.119166 0.1
3.609577 -2.093713 0.1
3.592403 -2.067988 0.1
3.575699 -2.042000 0.1
3.559469 -2.015759 0.1
3.543716 -1.989271 0.1
3.528444 -1.962546 0.1
3.513657 -1.935592 0.1
3.499357 -1.908419 0.1
3.485548 -1.881034 0.1
3.472233 -1.853446 0.1
3.459414 -1.825665 0.1
3.447095 -1.797699 0.1
3.435277 -1.769557 0.1
3.423964 -1.741248 0.1
3.413157 -1.712780 0.1
3.402859 -1.684164 0.1
3.393071 -1.655407 0.1
3.383795 -1.626519 0.1
3.375033 -1.597509 0.1
3.366786 -1.568385 0.1
3.359055 -1.539158 0.1
3.351842 -1.509835 0.1
3.345147 -1.480426 0.1
3.338972 -1.450941 0.1
3.333316 -1.421387 0.1
3.328181 -1.391775 0.1
3.323567 -1.362113 0.1
3.319473 -1.332410 0.1
3.315900 -1.302676 0.1
3.312848 -1.272919 0.1
3.310317 -1.243148 0.1
3.308305 -1.213373 0.1
3.306813 -1.183602 0.1
3.305840 -1.153845 0.1
3.305384 -1.124110 0.1
3.305445 -1.094406 0.1
3.306021 -1.064743 0.1
3.307111 -1.035128 0.1
3.308714 -1.005571 0.1
3.310828 -0.976081 0.1
3.313451 -0.946666 0.1
3.316581 -0.917335 0.1
3.320216 -0.888097 0.1
3.324353 -0.858960 0.1
3.328991 -0.829933 0.1
3.334127 -0.801024 0.1
3.339758 -0.772243 0.1
3.345881 -0.743596 0.1
3.352493 -0.715093 0.1
3.359592 -0.686741 0.1
3.367174 -0.658550 0.1
3.375235 -0.630526 0.1
3.383772 -0.602679 0.1
3.392781 -0.575016 0.1
3.402259 -0.547546 0.1
3.412202 -0.520275 0.1
3.422605 -0.493212 0.1
3.433464 -0.466364 0.1
3.444776 -0.439739 0.1
3.456535 -0.413345 0.1
3.468738 -0.387190 0.1
3.481379 -0.361279 0.1
3.494453 -0.335621 0.1
3.507956 -0.310223 0.1
3.521883 -0.285092 0.1
3.536228 -0.260235 0.1
3.550987 -0.235658 0.1
3.566154 -0.211369 0.1
3.581722 -0.187374 0.1
3.597688 -0.163680 0.1
3.614045 -0.140294 0.1
3.630787 -0.117221 0.1
3.647908 -0.094468 0.1
3.665402 -0.072041 0.1
3.683264 -0.049947 0.1
3.701487 -0.028190 0.1
3.720065 -0.006777 0.1
3.738991 0.014286 0.1
3.758259 0.034994 0.1
3.777862 0.055341 0.1
3.797793 0.075322 0.1
3.818047 0.094932 0.1
3.838616 0.114166 0.1
3.859493 0.133018 0.1
3.880671 0.151485 0.1
3.902143 0.169560 0.1
3.923902 0.187240 0.1
3.945941 0.204520 0.1
3.968252 0.221396 0.1
3.990829 0.237863 0.1
4.013663 0.253917 0.1
4.036748 0.269556 0.1
4.060076 0.284773 0.1
4.083639 0.299567 0.1
4.107430 0.313933 0.1
4.131440 0.327868 0.1
4.155663 0.341369 0.1
4.180090 0.354433 0.1
4.204714 0.367056 0.1
4.229527 0.379236 0.1
4.254521 0.390970 0.1
4.279687 0.402255 0.1
4.305019 0.413090 0.1
4.330507 0.423471 0.1
4.356145 0.433397 0.1
4.381923 0.442865 0.1
4.407834 0.451874 0.1
4.433870 0.460422 0.1
4.460023 0.468507 0.1
4.486283 0.476128 0.1
4.512644 0.483283 0.1
4.539098 0.489972 0.1
4.565635 0.496194 0.1
4.592247 0.501947 0.1
4.618927 0.507230 0.1
4.645667 0.512044 0.1
4.672458 0.516387 0.1
4.699291 0.520260 0.1
4.726159 0.523662 0.1
4.753054 0.526594 0.1
4.779967 0.529054 0.1
4.806890 0.531044 0.1
4.833815 0.532564 0.1
4.860734 0.533614 0.1
4.887639 0.534196 0.1
4.914521 0.534309 0.1
4.941373 0.533956 0.1
4.968187 0.533136 0.1
4.994954 0.531852 0.1
