738
3.320318 4.429957 0.1
3.422584 4.433488 0.1
3.524398 4.435340 0.1
3.625737 4.435527 0.1
3.726579 4.434064 0.1
3.826901 4.430967 0.1
3.926682 4.426250 0.1
4.025901 4.419929 0.1
4.124536 4.412021 0.1
4.222566 4.402542 0.1
4.319971 4.391507 0.1
4.416731 4.378933 0.1
4.512825 4.364838 0.1
4.608234 4.349238 0.1
4.702938 4.332150 0.1
4.796919 4.313592 0.1
4.890157 4.293580 0.1
4.982633 4.272134 0.1
5.074331 4.249271 0.1
5.165231 4.225008 0.1
5.255316 4.199365 0.1
5.344569 4.172359 0.1
5.432973 4.144010 0.1
5.520511 4.114336 0.1
5.607167 4.083356 0.1
5.692925 4.051089 0.1
5.777769 4.017554 0.1
5.861683 3.982772 0.1
5.944653 3.946761 0.1
6.026664 3.909541 0.1
6.107701 3.871132 0.1
6.187751 3.831555 0.1
6.266799 3.790828 0.1
6.344832 3.748973 0.1
6.421838 3.706009 0.1
6.497802 3.661958 0.1
6.572713 3.616839 0.1
6.646559 3.570674 0.1
6.719328 3.523483 0.1
6.791008 3.475287 0.1
6.861589 3.426108 0.1
6.931058 3.375965 0.1
6.999408 3.324881 0.1
7.066626 3.272876 0.1
7.132703 3.219972 0.1
7.197630 3.166190 0.1
7.261398 3.111552 0.1
7.323998 3.056079 0.1
7.385421 2.999793 0.1
7.445660 2.942714 0.1
7.504707 2.884866 0.1
7.562554 2.826270 0.1
7.619194 2.766946 0.1
7.674622 2.706918 0.1
7.728829 2.646206 0.1
7.781811 2.584833 0.1
7.833561 2.522821 0.1
7.884075 2.460191 0.1
7.933347 2.396965 0.1
7.981373 2.333165 0.1
8.028147 2.268812 0.1
8.073668 2.203930 0.1
8.117929 2.138538 0.1
8.160929 2.072660 0.1
8.202665 2.006317 0.1
8.243132 1.939531 0.1
8.282331 1.872324 0.1
8.320257 1.804716 0.1
8.356911 1.736731 0.1
8.392289 1.668389 0.1
8.426392 1.599712 0.1
8.459219 1.530721 0.1
8.490769 1.461439 0.1
8.521042 1.391886 0.1
8.550039 1.322084 0.1
8.577760 1.252053 0.1
8.604206 1.181816 0.1
8.629379 1.111394 0.1
8.653279 1.040806 0.1
8.675910 0.970075 0.1
8.697272 0.899221 0.1
8.717369 0.828265 0.1
8.736203 0.757227 0.1
8.753778 0.686128 0.1
8.770097 0.614988 0.1
8.785163 0.543828 0.1
8.798980 0.472668 0.1
8.811554 0.401528 0.1
8.822888 0.330428 0.1
8.832988 0.259387 0.1
8.841858 0.188426 0.1
8.849504 0.117563 0.1
8.855932 0.046819 0.1
8.861148 -0.023787 0.1
8.865158 -0.094237 0.1
8.867968 -0.164512 0.1
8.869587 -0.234592 0.1
8.870020 -0.304459 0.1
8.869275 -0.374095 0.1
8.867360 -0.443481 0.1
8.864283 -0.512599 0.1
8.860052 -0.581432 0.1
8.854675 -0.649961 0.1
8.848161 -0.718169 0.1
8.840519 -0.786039 0.1
8.831758 -0.853553 0.1
8.821887 -0.920695 0.1
8.810917 -0.987447 0.1
8.798857 -1.053793 0.1
8.785717 -1.119716 0.1
8.771508 -1.185201 0.1
8.756240 -1.250231 0.1
8.739924 -1.314791 0.1
8.722570 -1.378864 0.1
8.704191 -1.442437 0.1
8.684797 -1.505493 0.1
8.664400 -1.568017 0.1
8.643013 -1.629995 0.1
8.620646 -1.691413 0.1
8.597313 -1.752256 0.1
8.573025 -1.812510 0.1
8.547796 -1.872162 0.1
8.521637 -1.931198 0.1
8.494563 -1.989604 0.1
8.466585 -2.047368 0.1
8.437718 -2.104476 0.1
8.407975 -2.160917 0.1
8.377370 -2.216678 0.1
8.345915 -2.271747 0.1
8.313626 -2.326112 0.1
8.280516 -2.379761 0.1
8.246599 -2.432684 0.1
8.211891 -2.484868 0.1
8.176404 -2.536305 0.1
8.140155 -2.586982 0.1
8.103158 -2.636889 0.1
8.065426 -2.686017 0.1
8.026977 -2.734357 0.1
7.987824 -2.781897 0.1
7.947984 -2.828630 0.1
7.907470 -2.874546 0.1
7.866299 -2.919637 0.1
7.824487 -2.963893 0.1
7.782048 -3.007308 0.1
7.738999 -3.049873 0.1
7.695355 -3.091581 0.1
7.651133 -3.132424 0.1
7.606347 -3.172395 0.1
7.561015 -3.211488 0.1
7.515152 -3.249695 0.1
7.468774 -3.287012 0.1
7.421898 -3.323431 0.1
7.374540 -3.358948 0.1
7.326716 -3.393556 0.1
7.278442 -3.427251 0.1
7.229736 -3.460028 0.1
7.180612 -3.491882 0.1
7.131088 -3.522809 0.1
7.081181 -3.552805 0.1
7.030906 -3.581866 0.1
6.980280 -3.609988 0.1
6.929320 -3.637170 0.1
6.878043 -3.663407 0.1
6.826464 -3.688697 0.1
6.774600 -3.713038 0.1
6.722469 -3.736427 0.1
6.670085 -3.758863 0.1
6.617467 -3.780344 0.1
6.564630 -3.800869 0.1
6.511591 -3.820437 0.1
6.458366 -3.839047 0.1
6.404972 -3.856699 0.1
6.351426 -3.873392 0.1
6.297742 -3.889127 0.1
6.243939 -3.903903 0.1
6.190031 -3.917722 0.1
6.136036 -3.930585 0.1
6.081969 -3.942491 0.1
6.027847 -3.953444 0.1
5.973685 -3.963444 0.1
5.919500 -3.972493 0.1
5.865307 -3.980594 0.1
5.811122 -3.987748 0.1
5.756962 -3.993959 0.1
5.702841 -3.999229 0.1
5.648775 -4.003562 0.1
5.594780 -4.006961 0.1
5.540871 -4.009429 0.1
5.487063 -4.010970 0.1
5.433372 -4.011590 0.1
5.379813 -4.011290 0.1
5.326400 -4.010078 0.1
5.273149 -4.007957 0.1
5.220074 -4.004931 0.1
5.167190 -4.001008 0.1
5.114512 -3.996192 0.1
5.062054 -3.990488 0.1
5.009829 -3.983903 0.1
4.957853 -3.976443 0.1
4.906139 -3.968115 0.1
4.854701 -3.958924 0.1
4.803553 -3.948878 0.1
4.752709 -3.937984 0.1
4.702181 -3.926249 0.1
4.651984 -3.913680 0.1
4.602129 -3.900286 0.1
4.552631 -3.886073 0.1
4.503502 -3.871050 0.1
4.454755 -3.855225 0.1
4.406402 -3.838607 0.1
4.358455 -3.821203 0.1
4.310927 -3.803024 0.1
4.263829 -3.784077 0.1
4.217174 -3.764372 0.1
4.170973 -3.743918 0.1
4.125238 -3.722725 0.1
4.079979 -3.700802 0.1
4.035208 -3.678160 0.1
3.990936 -3.654807 0.1
3.947173 -3.630754 0.1
3.903930 -3.606012 0.1
3.861218 -3.580591 0.1
3.819045 -3.554501 0.1
3.777423 -3.527753 0.1
3.736361 -3.500357 0.1
3.695869 -3.472326 0.1
3.655955 -3.443670 0.1
3.616630 -3.414399 0.1
3.577901 -3.384527 0.1
3.539778 -3.354063 0.1
3.502269 -3.323020 0.1
3.465383 -3.291409 0.1
3.429126 -3.259243 0.1
3.393509 -3.226532 0.1
3.358537 -3.193290 0.1
3.324218 -3.159528 0.1
3.290561 -3.125258 0.1
3.257570 -3.090493 0.1
3.225254 -3.055245 0.1
3.193620 -3.019527 0.1
3.162672 -2.983351 0.1
3.132418 -2.946731 0.1
3.102863 -2.909677 0.1
3.074013 -2.872204 0.1
3.045873 -2.834325 0.1
3.018449 -2.796051 0.1
2.991745 -2.757397 0.1
2.965767 -2.718375 0.1
2.940519 -2.678998 0.1
2.916004 -2.639279 0.1
2.892229 -2.599232 0.1
2.869195 -2.558870 0.1
2.846907 -2.518206 0.1
2.825368 -2.477253 0.1
2.804582 -2.436025 0.1
2.784550 -2.394535 0.1
2.765277 -2.352796 0.1
2.746764 -2.310821 0.1
2.729014 -2.268625 0.1
2.712029 -2.226220 0.1
2.695810 -2.183620 0.1
2.680360 -2.140838 0.1
2.665679 -2.097887 0.1
2.651769 -2.054782 0.1
2.638630 -2.011535 0.1
2.626264 -1.968159 0.1
2.614670 -1.924669 0.1
2.603849 -1.881077 0.1
2.593801 -1.837397 0.1
2.584526 -1.793641 0.1
2.576023 -1.749824 0.1
2.568292 -1.705958 0.1
2.561331 -1.662057 0.1
2.555141 -1.618133 0.1
2.549718 -1.574200 0.1
2.545063 -1.530271 0.1
2.541172 -1.486359 0.1
2.538045 -1.442476 0.1
2.535679 -1.398636 0.1
2.534072 -1.354851 0.1
2.533220 -1.311134 0.1
2.533122 -1.267498 0.1
2.533775 -1.223955 0.1
2.535174 -1.180518 0.1
2.537317 -1.137200 0.1
2.540201 -1.094012 0.1
2.543820 -1.050966 0.1
2.548172 -1.008076 0.1
2.553252 -0.965354 0.1
2.559056 -0.922810 0.1
2.565580 -0.880457 0.1
2.572817 -0.838307 0.1
2.580764 -0.796372 0.1
2.589416 -0.754663 0.1
2.598766 -0.713191 0.1
2.608810 -0.671969 0.1
2.619542 -0.631006 0.1
2.630956 -0.590315 0.1
2.643046 -0.549907 0.1
2.655806 -0.509791 0.1
2.669229 -0.469980 0.1
2.683308 -0.430483 0.1
2.698038 -0.391311 0.1
2.713412 -0.352475 0.1
2.729421 -0.313985 0.1
2.746060 -0.275850 0.1
2.763320 -0.238081 0.1
2.781195 -0.200688 0.1
2.799676 -0.163680 0.1
2.818756 -0.127067 0.1
2.838427 -0.090858 0.1
2.858680 -0.055062 0.1
2.879508 -0.019689 0.1
2.900903 0.015252 0.1
2.922855 0.049754 0.1
2.945356 0.083807 0.1
2.968398 0.117403 0.1
2.991971 0.150534 0.1
3.016066 0.183191 0.1
3.040675 0.215366 0.1
3.065789 0.247052 0.1
3.091397 0.278242 0.1
3.117490 0.308927 0.1
3.144060 0.339101 0.1
3.171095 0.368757 0.1
3.198587 0.397887 0.1
3.226526 0.426484 0.1
3.254901 0.454543 0.1
3.283703 0.482057 0.1
3.312921 0.509020 0.1
3.342546 0.535425 0.1
3.372566 0.561267 0.1
3.402972 0.586541 0.1
3.433754 0.611240 0.1
3.464900 0.635360 0.1
3.496400 0.658895 0.1
3.528243 0.681841 0.1
3.560419 0.704193 0.1
3.592917 0.725946 0.1
3.625727 0.747097 0.1
3.658836 0.767640 0.1
3.692235 0.787572 0.1
3.725912 0.806890 0.1
3.759856 0.825589 0.1
3.794056 0.843666 0.1
3.828502 0.861119 0.1
3.863182 0.877944 0.1
3.898084 0.894138 0.1
3.933198 0.909699 0.1
3.968513 0.924624 0.1
4.004017 0.938912 0.1
4.039699 0.952559 0.1
4.075547 0.965565 0.1
4.111551 0.977928 0.1
4.147700 0.989646 0.1
4.183981 1.000719 0.1
4.220384 1.011144 0.1
4.256897 1.020921 0.1
4.293509 1.030050 0.1
4.330210 1.038530 0.1
4.366986 1.046361 0.1
4.403829 1.053542 0.1
4.440725 1.060074 0.1
4.477665 1.065958 0.1
4.514636 1.071192 0.1
4.551628 1.075779 0.1
4.588629 1.079719 0.1
4.625630 1.083014 0.1
4.662617 1.085663 0.1
4.699581 1.087669 0.1
4.736511 1.089034 0.1
4.773395 1.089759 0.1
4.810224 1.089845 0.1
4.846985 1.089296 0.1
4.883668 1.088114 0.1
4.920263 1.086300 0.1
4.956759 1.083858 0.1
4.993146 1.080791 0.1
5.029412 1.077101 0.1
5.065548 1.072792 0.1
5.101543 1.067867 0.1
5.137387 1.062329 0.1
5.173070 1.056183 0.1
5.208581 1.049432 0.1
5.243911 1.042081 0.1
5.279049 1.034132 0.1
5.313986 1.025592 0.1
5.348712 1.016463 0.1
5.383217 1.006752 0.1
5.417492 0.996462 0.1
5.451528 0.985599 0.1
5.485314 0.974168 0.1
5.518842 0.962174 0.1
5.552102 0.949623 0.1
5.585085 0.936519 0.1
5.617783 0.922870 0.1
5.650187 0.908680 0.1
5.682287 0.893956 0.1
5.714075 0.878704 0.1
5.745544 0.862930 0.1
5.776683 0.846640 0.1
5.807486 0.829842 0.1
5.837944 0.812541 0.1
5.868049 0.794745 0.1
5.897793 0.776460 0.1
5.927169 0.757694 0.1
5.956168 0.738453 0.1
5.984784 0.718745 0.1
6.013008 0.698578 0.1
6.040835 0.677958 0.1
6.068256 0.656894 0.1
6.095265 0.635392 0.1
6.121856 0.613462 0.1
6.148021 0.591110 0.1
6.173754 0.568346 0.1
6.199048 0.545176 0.1
6.223898 0.521610 0.1
6.248298 0.497655 0.1
6.272241 0.473320 0.1
6.295722 0.448613 0.1
6.318735 0.423543 0.1
6.341275 0.398119 0.1
6.363337 0.372349 0.1
6.384916 0.346242 0.1
6.406005 0.319807 0.1
6.426602 0.293053 0.1
6.446701 0.265988 0.1
6.466297 0.238623 0.1
6.485387 0.210966 0.1
6.503966 0.183026 0.1
6.522030 0.154812 0.1
6.539575 0.126334 0.1
6.556599 0.097601 0.1
6.573096 0.068623 0.1
6.589065 0.039409 0.1
6.604501 0.009968 0.1
6.619402 -0.019691 0.1
6.633765 -0.049556 0.1
6.647587 -0.079620 0.1
6.660866 -0.109872 0.1
6.673600 -0.140303 0.1
6.685785 -0.170902 0.1
6.697422 -0.201662 0.1
6.708506 -0.232571 0.1
6.719038 -0.263620 0.1
6.729015 -0.294799 0.1
6.738436 -0.326098 0.1
6.747299 -0.357509 0.1
6.755605 -0.389021 0.1
6.763352 -0.420623 0.1
6.770540 -0.452308 0.1
6.777167 -0.484064 0.1
6.783234 -0.515883 0.1
6.788740 -0.547753 0.1
6.793687 -0.579667 0.1
6.798072 -0.611613 0.1
6.801898 -0.643583 0.1
6.805165 -0.675566 0.1
6.807873 -0.707553 0.1
6.810023 -0.739535 0.1
6.811616 -0.771502 0.1
6.812653 -0.803444 0.1
6.813136 -0.835351 0.1
6.813066 -0.867215 0.1
6.812445 -0.899026 0.1
6.811274 -0.930775 0.1
6.809556 -0.962451 0.1
6.807292 -0.994047 0.1
6.804485 -1.025552 0.1
6.801138 -1.056958 0.1
6.797252 -1.088255 0.1
6.792832 -1.119434 0.1
6.787878 -1.150486 0.1
6.782395 -1.181403 0.1
6.776386 -1.212175 0.1
6.769854 -1.242794 0.1
6.762802 -1.273251 0.1
6.755235 -1.303537 0.1
6.747155 -1.333644 0.1
6.738567 -1.363562 0.1
6.729475 -1.393285 0.1
6.719883 -1.422802 0.1
6.709795 -1.452107 0.1
6.699216 -1.481191 0.1
6.688150 -1.510045 0.1
6.676602 -1.538662 0.1
6.664577 -1.567034 0.1
6.652080 -1.595152 0.1
6.639115 -1.623010 0.1
6.625689 -1.650600 0.1
6.611806 -1.677914 0.1
6.597472 -1.704945 0.1
6.582693 -1.731685 0.1
6.567474 -1.758127 0.1
6.551820 -1.784264 0.1
6.535739 -1.810089 0.1
6.519236 -1.835596 0.1
6.502316 -1.860777 0.1
6.484987 -1.885626 0.1
6.467254 -1.910136 0.1
6.449125 -1.934301 0.1
6.430605 -1.958114 0.1
6.411702 -1.981570 0.1
6.392421 -2.004662 0.1
6.372771 -2.027385 0.1
6.352757 -2.049732 0.1
6.332387 -2.071698 0.1
6.311668 -2.093278 0.1
6.290607 -2.114465 0.1
6.269212 -2.135255 0.1
6.247489 -2.155643 0.1
6.225446 -2.175623 0.1
6.203091 -2.195191 0.1
6.180431 -2.214342 0.1
6.157474 -2.233071 0.1
6.134228 -2.251373 0.1
6.110700 -2.269246 0.1
6.086898 -2.286683 0.1
6.062830 -2.303682 0.1
6.038504 -2.320238 0.1
6.013928 -2.336347 0.1
5.989111 -2.352006 0.1
5.964059 -2.367212 0.1
5.938782 -2.381961 0.1
5.913288 -2.396249 0.1
5.887584 -2.410075 0.1
5.861680 -2.423434 0.1
5.835583 -2.436324 0.1
5.809301 -2.448743 0.1
5.782844 -2.460688 0.1
5.756220 -2.472156 0.1
5.729436 -2.483146 0.1
5.702502 -2.493656 0.1
5.675427 -2.503683 0.1
5.648217 -2.513226 0.1
5.620883 -2.522284 0.1
5.593433 -2.530854 0.1
5.565875 -2.538936 0.1
5.538217 -2.546528 0.1
5.510469 -2.553630 0.1
5.482639 -2.560241 0.1
5.454735 -2.566359 0.1
5.426767 -2.571985 0.1
5.398742 -2.577118 0.1
5.370670 -2.581757 0.1
5.342558 -2.585903 0.1
5.314416 -2.589556 0.1
5.286252 -2.592716 0.1
5.258074 -2.595383 0.1
5.229891 -2.597558 0.1
5.201712 -2.599241 0.1
5.173544 -2.600433 0.1
5.145397 -2.601135 0.1
5.117279 -2.601348 0.1
5.089198 -2.601074 0.1
5.061163 -2.600313 0.1
5.033181 -2.599067 0.1
5.005262 -2.597338 0.1
4.977413 -2.595128 0.1
4.949642 -2.592438 0.1
4.921958 -2.589270 0.1
4.894370 -2.585627 0.1
4.866884 -2.581511 0.1
4.839509 -2.576925 0.1
4.812252 -2.571871 0.1
4.785123 -2.566351 0.1
4.758128 -2.560369 0.1
4.731276 -2.553927 0.1
4.704573 -2.547029 0.1
4.678029 -2.539678 0.1
4.651649 -2.531877 0.1
4.625443 -2.523630 0.1
4.599417 -2.514940 0.1
4.573578 -2.505812 0.1
4.547935 -2.496248 0.1
4.522494 -2.486253 0.1
4.497262 -2.475831 0.1
4.472247 -2.464987 0.1
4.447455 -2.453724 0.1
4.422893 -2.442047 0.1
4.398569 -2.429961 0.1
4.374488 -2.417470 0.1
4.350658 -2.404579 0.1
4.327085 -2.391292 0.1
4.303776 -2.377616 0.1
4.280736 -2.363555 0.1
4.257973 -2.349113 0.1
4.235492 -2.334298 0.1
4.213299 -2.319113 0.1
4.191401 -2.303564 0.1
4.169803 -2.287657 0.1
4.148511 -2.271398 0.1
4.127530 -2.254793 0.1
4.106867 -2.237846 0.1
4.086527 -2.220565 0.1
4.066514 -2.202955 0.1
4.046834 -2.185022 0.1
4.027493 -2.166772 0.1
4.008495 -2.148213 0.1
3.989846 -2.129349 0.1
3.971549 -2.110188 0.1
3.953610 -2.090736 0.1
3.936033 -2.071000 0.1
3.918822 -2.050986 0.1
3.901982 -2.030701 0.1
3.885518 -2.010152 0.1
3.869432 -1.989345 0.1
3.853729 -1.968287 0.1
3.838413 -1.946987 0.1
3.823488 -1.925449 0.1
3.808957 -1.903682 0.1
3.794823 -1.881693 0.1
3.781089 -1.859488 0.1
3.767760 -1.837075 0.1
3.754838 -1.814462 0.1
3.742325 -1.791655 0.1
3.730225 -1.768662 0.1
3.718541 -1.745490 0.1
3.707274 -1.722147 0.1
3.696427 -1.698640 0.1
3.686003 -1.674976 0.1
3.676004 -1.651163 0.1
3.666431 -1.627210 0.1
3.657287 -1.603122 0.1
3.648573 -1.578908 0.1
3.640291 -1.554575 0.1
3.632442 -1.530131 0.1
3.625028 -1.505584 0.1
3.618050 -1.480941 0.1
3.611508 -1.456210 0.1
3.605405 -1.431399 0.1
3.599740 -1.406515 0.1
3.594515 -1.381565 0.1
3.589729 -1.356558 0.1
3.585384 -1.331502 0.1
3.581480 -1.306403 0.1
3.578016 -1.281270 0.1
3.574993 -1.256110 0.1
3.572410 -1.230931 0.1
3.570268 -1.205741 0.1
3.568566 -1.180546 0.1
3.567303 -1.155356 0.1
3.566480 -1.130176 0.1
3.566094 -1.105016 0.1
3.566145 -1.079882 0.1
3.566633 -1.054782 0.1
3.567556 -1.029724 0.1
3.568912 -1.004714 0.1
3.570700 -0.979761 0.1
3.572920 -0.954871 0.1
3.575568 -0.930053 0.1
3.578644 -0.905313 0.1
3.582145 -0.880659 0.1
3.586070 -0.856097 0.1
3.590415 -0.831636 0.1
3.595180 -0.807282 0.1
3.600361 -0.783043 0.1
3.605956 -0.758924 0.1
3.611963 -0.734935 0.1
3.618378 -0.711081 0.1
3.625199 -0.687368 0.1
3.632422 -0.663806 0.1
3.640046 -0.640398 0.1
3.648065 -0.617154 0.1
3.656478 -0.594079 0.1
3.665281 -0.571179 0.1
3.674470 -0.548462 0.1
3.684041 -0.525933 0.1
3.693991 -0.503600 0.1
3.704317 -0.481468 0.1
3.715013 -0.459544 0.1
3.726076 -0.437833 0.1
3.737501 -0.416343 0.1
3.749286 -0.395078 0.1
3.761424 -0.374045 0.1
3.773912 -0.353249 0.1
3.786745 -0.332697 0.1
3.799919 -0.312394 0.1
3.813428 -0.292345 0.1
3.827269 -0.272556 0.1
3.841435 -0.253033 0.1
3.855922 -0.233781 0.1
3.870725 -0.214804 0.1
3.885839 -0.196109 0.1
3.901258 -0.177699 0.1
3.916978 -0.159581 0.1
3.932992 -0.141758 0.1
3.949296 -0.124236 0.1
3.965883 -0.107019 0.1
3.982748 -0.090112 0.1
3.999886 -0.073519 0.1
4.017290 -0.057244 0.1
4.034955 -0.041292 0.1
4.052875 -0.025667 0.1
4.071044 -0.010372 0.1
4.089455 0.004588 0.1
4.108104 0.019209 0.1
4.126983 0.033489 0.1
4.146086 0.047422 0.1
4.165408 0.061007 0.1
4.184941 0.074239 0.1
4.204680 0.087116 0.1
4.224618 0.099634 0.1
4.244748 0.111790 0.1
4.265065 0.123581 0.1
4.285561 0.135005 0.1
4.306230 0.146059 0.1
4.327066 0.156740 0.1
4.348061 0.167046 0.1
4.369210 0.176975 0.1
4.390505 0.186524 0.1
4.411939 0.195691 0.1
4.433506 0.204475 0.1
4.455199 0.212874 0.1
4.477012 0.220886 0.1
4.498937 0.228509 0.1
4.520967 0.235741 0.1
4.543096 0.242583 0.1
4.565317 0.249031 0.1
4.587622 0.255086 0.1
4.610006 0.260746 0.1
4.632460 0.266010 0.1
4.654978 0.270878 0.1
4.677554 0.275349 0.1
4.700180 0.279422 0.1
4.722849 0.283097 0.1
4.745554 0.286374 0.1
4.768289 0.289253 0.1
4.791046 0.291733 0.1
4.813818 0.293815 0.1
4.836599 0.295499 0.1
4.859382 0.296785 0.1
4.882160 0.297674 0.1
4.904925 0.298166 0.1
4.927672 0.298262 0.1
4.950393 0.297963 0.1
4.973081 0.297269 0.1
4.995730 0.296182 0.1
