738
2.913122 5.746310 0.1
3.040180 5.750698 0.1
3.166677 5.752998 0.1
3.292583 5.753231 0.1
3.417871 5.751413 0.1
3.542514 5.747565 0.1
3.666484 5.741704 0.1
3.789756 5.733852 0.1
3.912302 5.724026 0.1
4.034097 5.712249 0.1
4.155116 5.698539 0.1
4.275332 5.682917 0.1
4.394722 5.665405 0.1
4.513260 5.646023 0.1
4.630923 5.624792 0.1
4.747687 5.601735 0.1
4.863528 5.576872 0.1
4.978423 5.550227 0.1
5.092350 5.521821 0.1
5.205287 5.491677 0.1
5.317211 5.459817 0.1
5.428101 5.426264 0.1
5.537936 5.391042 0.1
5.646696 5.354175 0.1
5.754359 5.315684 0.1
5.860907 5.275595 0.1
5.966319 5.233931 0.1
6.070576 5.190717 0.1
6.173660 5.145976 0.1
6.275552 5.099733 0.1
6.376235 5.052013 0.1
6.475691 5.002841 0.1
6.573902 4.952241 0.1
6.670852 4.900239 0.1
6.766526 4.846860 0.1
6.860906 4.792130 0.1
6.953977 4.736073 0.1
7.045725 4.678716 0.1
7.136135 4.620085 0.1
7.225192 4.560206 0.1
7.312883 4.499103 0.1
7.399194 4.436805 0.1
7.484112 4.373337 0.1
7.567626 4.308725 0.1
7.649722 4.242996 0.1
7.730389 4.176176 0.1
7.809615 4.108292 0.1
7.887391 4.039371 0.1
7.963705 3.969439 0.1
8.038547 3.898524 0.1
8.111908 3.826652 0.1
8.183779 3.753850 0.1
8.254151 3.680145 0.1
8.323015 3.605564 0.1
8.390363 3.530135 0.1
8.456189 3.453884 0.1
8.520485 3.376838 0.1
8.583245 3.299025 0.1
8.644461 3.220471 0.1
8.704130 3.141204 0.1
8.762244 3.061252 0.1
8.818799 2.980640 0.1
8.873791 2.899396 0.1
8.927215 2.817548 0.1
8.979068 2.735122 0.1
9.029346 2.652145 0.1
9.078047 2.568644 0.1
9.125168 2.484647 0.1
9.170707 2.400180 0.1
9.214663 2.315271 0.1
9.257033 2.229945 0.1
9.297818 2.144229 0.1
9.337016 2.058151 0.1
9.374628 1.971737 0.1
9.410655 1.885013 0.1
9.445096 1.798006 0.1
9.477953 1.710742 0.1
9.509228 1.623247 0.1
9.538923 1.535547 0.1
9.567040 1.447669 0.1
9.593581 1.359638 0.1
9.618550 1.271480 0.1
9.641950 1.183221 0.1
9.663785 1.094886 0.1
9.684059 1.006500 0.1
9.702778 0.918089 0.1
9.719945 0.829679 0.1
9.735567 0.741292 0.1
9.749649 0.652956 0.1
9.762197 0.564693 0.1
9.773217 0.476529 0.1
9.782717 0.388488 0.1
9.790703 0.300594 0.1
9.797183 0.212870 0.1
9.802166 0.125342 0.1
9.805658 0.038031 0.1
9.807668 -0.049038 0.1
9.808206 -0.135843 0.1
9.807281 -0.222360 0.1
9.804902 -0.308567 0.1
9.801079 -0.394442 0.1
9.795822 -0.479961 0.1
9.789141 -0.565103 0.1
9.781048 -0.649847 0.1
9.771554 -0.734170 0.1
9.760669 -0.818051 0.1
9.748406 -0.901469 0.1
9.734776 -0.984403 0.1
9.719792 -1.066833 0.1
9.703467 -1.148738 0.1
9.685813 -1.230098 0.1
9.666843 -1.310893 0.1
9.646572 -1.391104 0.1
9.625011 -1.470710 0.1
9.602176 -1.549694 0.1
9.578081 -1.628036 0.1
9.552740 -1.705718 0.1
9.526167 -1.782721 0.1
9.498379 -1.859028 0.1
9.469389 -1.934621 0.1
9.439213 -2.009482 0.1
9.407867 -2.083595 0.1
9.375367 -2.156942 0.1
9.341730 -2.229508 0.1
9.306970 -2.301275 0.1
9.271105 -2.372228 0.1
9.234151 -2.442352 0.1
9.196126 -2.511630 0.1
9.157046 -2.580049 0.1
9.116929 -2.647593 0.1
9.075793 -2.714249 0.1
9.033654 -2.780001 0.1
8.990531 -2.844836 0.1
8.946442 -2.908742 0.1
8.901405 -2.971704 0.1
8.855438 -3.033711 0.1
8.808560 -3.094749 0.1
8.760790 -3.154807 0.1
8.712145 -3.213872 0.1
8.662646 -3.271934 0.1
8.612311 -3.328981 0.1
8.561160 -3.385003 0.1
8.509211 -3.439989 0.1
8.456484 -3.493928 0.1
8.402999 -3.546812 0.1
8.348775 -3.598631 0.1
8.293832 -3.649375 0.1
8.238189 -3.699036 0.1
8.181867 -3.747606 0.1
8.124886 -3.795076 0.1
8.067265 -3.841439 0.1
8.009025 -3.886687 0.1
7.950186 -3.930814 0.1
7.890768 -3.973812 0.1
7.830792 -4.015675 0.1
7.770278 -4.056398 0.1
7.709245 -4.095974 0.1
7.647716 -4.134399 0.1
7.585710 -4.171666 0.1
7.523247 -4.207772 0.1
7.460348 -4.242713 0.1
7.397034 -4.276484 0.1
7.333326 -4.309081 0.1
7.269243 -4.340502 0.1
7.204806 -4.370744 0.1
7.140037 -4.399803 0.1
7.074955 -4.427678 0.1
7.009580 -4.454367 0.1
6.943934 -4.479868 0.1
6.878037 -4.504179 0.1
6.811910 -4.527301 0.1
6.745572 -4.549232 0.1
6.679044 -4.569972 0.1
6.612346 -4.589521 0.1
6.545500 -4.607880 0.1
6.478524 -4.625049 0.1
6.411439 -4.641029 0.1
6.344265 -4.655823 0.1
6.277022 -4.669430 0.1
6.209730 -4.681854 0.1
6.142409 -4.693097 0.1
6.075078 -4.703162 0.1
6.007758 -4.712051 0.1
5.940468 -4.719767 0.1
5.873226 -4.726315 0.1
5.806054 -4.731698 0.1
5.738969 -4.735921 0.1
5.671991 -4.738987 0.1
5.605139 -4.740903 0.1
5.538432 -4.741672 0.1
5.471889 -4.741300 0.1
5.405528 -4.739794 0.1
5.339367 -4.737158 0.1
5.273426 -4.733400 0.1
5.207721 -4.728525 0.1
5.142273 -4.722541 0.1
5.077097 -4.715455 0.1
5.012212 -4.707274 0.1
4.947635 -4.698005 0.1
4.883385 -4.687658 0.1
4.819477 -4.676239 0.1
4.755930 -4.663758 0.1
4.692759 -4.650223 0.1
4.629983 -4.635643 0.1
4.567616 -4.620027 0.1
4.505676 -4.603385 0.1
4.444178 -4.585727 0.1
4.383139 -4.567062 0.1
4.322574 -4.547401 0.1
4.262499 -4.526754 0.1
4.202929 -4.505131 0.1
4.143879 -4.482545 0.1
4.085364 -4.459005 0.1
4.027399 -4.434523 0.1
3.969997 -4.409111 0.1
3.913174 -4.382780 0.1
3.856944 -4.355542 0.1
3.801319 -4.327411 0.1
3.746314 -4.298397 0.1
3.691942 -4.268513 0.1
3.638216 -4.237773 0.1
3.585149 -4.206189 0.1
3.532753 -4.173774 0.1
3.481041 -4.140541 0.1
3.430025 -4.106505 0.1
3.379716 -4.071678 0.1
3.330126 -4.036074 0.1
3.281267 -3.999708 0.1
3.233150 -3.962594 0.1
3.185785 -3.924745 0.1
3.139183 -3.886177 0.1
3.093354 -3.846903 0.1
3.048309 -3.806938 0.1
3.004056 -3.766298 0.1
2.960606 -3.724997 0.1
2.917968 -3.683050 0.1
2.876151 -3.640472 0.1
2.835163 -3.597279 0.1
2.795013 -3.553487 0.1
2.755709 -3.509110 0.1
2.717259 -3.464164 0.1
2.679670 -3.418665 0.1
2.642951 -3.372629 0.1
2.607106 -3.326072 0.1
2.572145 -3.279009 0.1
2.538073 -3.231457 0.1
2.504896 -3.183432 0.1
2.472620 -3.134950 0.1
2.441250 -3.086028 0.1
2.410793 -3.036680 0.1
2.381254 -2.986925 0.1
2.352636 -2.936778 0.1
2.324945 -2.886256 0.1
2.298185 -2.835375 0.1
2.272359 -2.784152 0.1
2.247472 -2.732604 0.1
2.223526 -2.680746 0.1
2.200525 -2.628596 0.1
2.178472 -2.576170 0.1
2.157370 -2.523486 0.1
2.137219 -2.470558 0.1
2.118023 -2.417405 0.1
2.099783 -2.364042 0.1
2.082501 -2.310487 0.1
2.066177 -2.256755 0.1
2.050812 -2.202865 0.1
2.036408 -2.148831 0.1
2.022964 -2.094671 0.1
2.010480 -2.040402 0.1
1.998956 -1.986039 0.1
1.988392 -1.931599 0.1
1.978787 -1.877099 0.1
1.970139 -1.822555 0.1
1.962447 -1.767983 0.1
1.955711 -1.713400 0.1
1.949926 -1.658821 0.1
1.945093 -1.604264 0.1
1.941208 -1.549743 0.1
1.938268 -1.495275 0.1
1.936271 -1.440875 0.1
1.935213 -1.386560 0.1
1.935092 -1.332346 0.1
1.935902 -1.278247 0.1
1.937641 -1.224280 0.1
1.940303 -1.170460 0.1
1.943886 -1.116802 0.1
1.948383 -1.063322 0.1
1.953790 -1.010034 0.1
1.960102 -0.956954 0.1
1.967313 -0.904097 0.1
1.975417 -0.851477 0.1
1.984409 -0.799109 0.1
1.994283 -0.747008 0.1
2.005032 -0.695187 0.1
2.016649 -0.643662 0.1
2.029128 -0.592446 0.1
2.042461 -0.541553 0.1
2.056642 -0.490998 0.1
2.071663 -0.440793 0.1
2.087516 -0.390953 0.1
2.104193 -0.341490 0.1
2.121686 -0.292418 0.1
2.139987 -0.243750 0.1
2.159087 -0.195499 0.1
2.178978 -0.147678 0.1
2.199650 -0.100299 0.1
2.221095 -0.053374 0.1
2.243303 -0.006916 0.1
2.266264 0.039064 0.1
2.289970 0.084553 0.1
2.314409 0.129540 0.1
2.339573 0.174013 0.1
2.365450 0.217962 0.1
2.392031 0.261374 0.1
2.419305 0.304240 0.1
2.447261 0.346548 0.1
2.475888 0.388289 0.1
2.505176 0.429451 0.1
2.535113 0.470025 0.1
2.565688 0.510000 0.1
2.596889 0.549368 0.1
2.628705 0.588119 0.1
2.661124 0.626243 0.1
2.694135 0.663732 0.1
2.727724 0.700576 0.1
2.761881 0.736768 0.1
2.796592 0.772299 0.1
2.831847 0.807160 0.1
2.867631 0.841344 0.1
2.903932 0.874843 0.1
2.940738 0.907649 0.1
2.978037 0.939756 0.1
3.015814 0.971157 0.1
3.054058 1.001844 0.1
3.092754 1.031811 0.1
3.131891 1.061052 0.1
3.171454 1.089561 0.1
3.211430 1.117331 0.1
3.251806 1.144358 0.1
3.292569 1.170635 0.1
3.333705 1.196159 0.1
3.375201 1.220923 0.1
3.417042 1.244923 0.1
3.459215 1.268156 0.1
3.501706 1.290616 0.1
3.544502 1.312299 0.1
3.587589 1.333203 0.1
3.630953 1.353323 0.1
3.674580 1.372656 0.1
3.718455 1.391200 0.1
3.762566 1.408951 0.1
3.806898 1.425907 0.1
3.851437 1.442066 0.1
3.896170 1.457426 0.1
3.941081 1.471985 0.1
3.986158 1.485741 0.1
4.031386 1.498694 0.1
4.076751 1.510841 0.1
4.122239 1.522183 0.1
4.167836 1.532719 0.1
4.213529 1.542448 0.1
4.259302 1.551371 0.1
4.305143 1.559486 0.1
4.351038 1.566796 0.1
4.396972 1.573300 0.1
4.442932 1.578999 0.1
4.488903 1.583894 0.1
4.534873 1.587987 0.1
4.580827 1.591278 0.1
4.626752 1.593771 0.1
4.672635 1.595466 0.1
4.718461 1.596367 0.1
4.764217 1.596474 0.1
4.809890 1.595792 0.1
4.855467 1.594323 0.1
4.900933 1.592070 0.1
4.946277 1.589036 0.1
4.991484 1.585225 0.1
5.036542 1.580641 0.1
5.081439 1.575287 0.1
5.126160 1.569168 0.1
5.170693 1.562288 0.1
5.215026 1.554652 0.1
5.259146 1.546264 0.1
5.303040 1.537130 0.1
5.346697 1.527255 0.1
5.390104 1.516644 0.1
5.433248 1.505303 0.1
5.476119 1.493237 0.1
5.518703 1.480453 0.1
5.560989 1.466957 0.1
5.602966 1.452754 0.1
5.644621 1.437853 0.1
5.685945 1.422258 0.1
5.726924 1.405979 0.1
5.767549 1.389020 0.1
5.807808 1.371391 0.1
5.847690 1.353097 0.1
5.887185 1.334147 0.1
5.926282 1.314549 0.1
5.964970 1.294311 0.1
6.003241 1.273440 0.1
6.041082 1.251945 0.1
6.078485 1.229835 0.1
6.115440 1.207117 0.1
6.151937 1.183801 0.1
6.187966 1.159896 0.1
6.223519 1.135411 0.1
6.258586 1.110354 0.1
6.293158 1.084736 0.1
6.327227 1.058565 0.1
6.360784 1.031851 0.1
6.393821 1.004604 0.1
6.426329 0.976834 0.1
6.458300 0.948551 0.1
6.489727 0.919764 0.1
6.520601 0.890485 0.1
6.550915 0.860722 0.1
6.580663 0.830488 0.1
6.609836 0.799792 0.1
6.638429 0.768644 0.1
6.666433 0.737057 0.1
6.693843 0.705039 0.1
6.720653 0.672603 0.1
6.746855 0.639760 0.1
6.772445 0.606520 0.1
6.797416 0.572895 0.1
6.821763 0.538895 0.1
6.845481 0.504533 0.1
6.868563 0.469820 0.1
6.891007 0.434766 0.1
6.912806 0.399385 0.1
6.933956 0.363686 0.1
6.954453 0.327683 0.1
6.974292 0.291386 0.1
6.993471 0.254808 0.1
7.011984 0.217960 0.1
7.029829 0.180854 0.1
7.047002 0.143503 0.1
7.063500 0.105917 0.1
7.079321 0.068109 0.1
7.094461 0.030091 0.1
7.108918 -0.008125 0.1
7.122690 -0.046527 0.1
7.135774 -0.085103 0.1
7.148170 -0.123841 0.1
7.159875 -0.162728 0.1
7.170887 -0.201754 0.1
7.181207 -0.240904 0.1
7.190831 -0.280169 0.1
7.199761 -0.319534 0.1
7.207995 -0.358989 0.1
7.215533 -0.398521 0.1
7.222375 -0.438118 0.1
7.228520 -0.477768 0.1
7.233969 -0.517459 0.1
7.238722 -0.557179 0.1
7.242781 -0.596915 0.1
7.246145 -0.636657 0.1
7.248816 -0.676392 0.1
7.250795 -0.716108 0.1
7.252084 -0.755793 0.1
7.252684 -0.795436 0.1
7.252597 -0.835025 0.1
7.251825 -0.874548 0.1
7.250371 -0.913993 0.1
7.248236 -0.953348 0.1
7.245423 -0.992603 0.1
7.241936 -1.031746 0.1
7.237777 -1.070765 0.1
7.232950 -1.109650 0.1
7.227457 -1.148387 0.1
7.221303 -1.186968 0.1
7.214491 -1.225380 0.1
7.207025 -1.263612 0.1
7.198910 -1.301654 0.1
7.190148 -1.339494 0.1
7.180746 -1.377122 0.1
7.170708 -1.414527 0.1
7.160038 -1.451699 0.1
7.148742 -1.488626 0.1
7.136824 -1.525300 0.1
7.124291 -1.561709 0.1
7.111147 -1.597843 0.1
7.097398 -1.633692 0.1
7.083051 -1.669246 0.1
7.068111 -1.704496 0.1
7.052584 -1.739432 0.1
7.036477 -1.774043 0.1
7.019796 -1.808321 0.1
7.002547 -1.842257 0.1
6.984739 -1.875840 0.1
6.966376 -1.909063 0.1
6.947467 -1.941915 0.1
6.928019 -1.974389 0.1
6.908039 -2.006475 0.1
6.887535 -2.038165 0.1
6.866514 -2.069450 0.1
6.844984 -2.100323 0.1
6.822952 -2.130775 0.1
6.800428 -2.160798 0.1
6.777419 -2.190384 0.1
6.753933 -2.219526 0.1
6.729978 -2.248217 0.1
6.705564 -2.276448 0.1
6.680698 -2.304213 0.1
6.655390 -2.331504 0.1
6.629648 -2.358315 0.1
6.603482 -2.384639 0.1
6.576899 -2.410469 0.1
6.549910 -2.435799 0.1
6.522524 -2.460623 0.1
6.494749 -2.484934 0.1
6.466596 -2.508728 0.1
6.438074 -2.531997 0.1
6.409192 -2.554737 0.1
6.379960 -2.576941 0.1
6.350388 -2.598606 0.1
6.320486 -2.619726 0.1
6.290263 -2.640295 0.1
6.259729 -2.660310 0.1
6.228895 -2.679765 0.1
6.197771 -2.698657 0.1
6.166366 -2.716981 0.1
6.134691 -2.734734 0.1
6.102756 -2.751911 0.1
6.070572 -2.768509 0.1
6.038148 -2.784524 0.1
6.005495 -2.799953 0.1
5.972625 -2.814794 0.1
5.939546 -2.829043 0.1
5.906269 -2.842697 0.1
5.872806 -2.855754 0.1
5.839166 -2.868212 0.1
5.805361 -2.880069 0.1
5.771401 -2.891322 0.1
5.737295 -2.901970 0.1
5.703056 -2.912011 0.1
5.668694 -2.921444 0.1
5.634219 -2.930268 0.1
5.599642 -2.938481 0.1
5.564974 -2.946082 0.1
5.530226 -2.953072 0.1
5.495407 -2.959449 0.1
5.460529 -2.965213 0.1
5.425602 -2.970365 0.1
5.390638 -2.974903 0.1
5.355646 -2.978829 0.1
5.320637 -2.982142 0.1
5.285622 -2.984844 0.1
5.250611 -2.986935 0.1
5.215616 -2.988416 0.1
5.180645 -2.989289 0.1
5.145710 -2.989554 0.1
5.110822 -2.989213 0.1
5.075990 -2.988267 0.1
5.041225 -2.986720 0.1
5.006537 -2.984572 0.1
4.971937 -2.981825 0.1
4.937434 -2.978483 0.1
4.903039 -2.974548 0.1
4.868762 -2.970022 0.1
4.834613 -2.964908 0.1
4.800601 -2.959210 0.1
4.766738 -2.952930 0.1
4.733031 -2.946072 0.1
4.699492 -2.938640 0.1
4.666130 -2.930636 0.1
4.632955 -2.922066 0.1
4.599975 -2.912933 0.1
4.567201 -2.903241 0.1
4.534641 -2.892995 0.1
4.502306 -2.882198 0.1
4.470204 -2.870857 0.1
4.438344 -2.858975 0.1
4.406735 -2.846557 0.1
4.375386 -2.833609 0.1
4.344307 -2.820135 0.1
4.313505 -2.806142 0.1
4.282989 -2.791634 0.1
4.252767 -2.776618 0.1
4.222849 -2.761099 0.1
4.193242 -2.745083 0.1
4.163955 -2.728575 0.1
4.134994 -2.711584 0.1
4.106370 -2.694113 0.1
4.078088 -2.676171 0.1
4.050157 -2.657764 0.1
4.022584 -2.638898 0.1
3.995377 -2.619580 0.1
3.968543 -2.599817 0.1
3.942089 -2.579616 0.1
3.916023 -2.558985 0.1
3.890350 -2.537930 0.1
3.865078 -2.516459 0.1
3.840214 -2.494580 0.1
3.815764 -2.472300 0.1
3.791734 -2.449626 0.1
3.768131 -2.426567 0.1
3.744960 -2.403131 0.1
3.722227 -2.379325 0.1
3.699939 -2.355157 0.1
3.678101 -2.330636 0.1
3.656718 -2.305770 0.1
3.635796 -2.280568 0.1
3.615340 -2.255037 0.1
3.595355 -2.229186 0.1
3.575846 -2.203024 0.1
3.556817 -2.176559 0.1
3.538273 -2.149800 0.1
3.520219 -2.122757 0.1
3.502658 -2.095436 0.1
3.485596 -2.067849 0.1
3.469035 -2.040003 0.1
3.452980 -2.011907 0.1
3.437434 -1.983571 0.1
3.422401 -1.955004 0.1
3.407884 -1.926215 0.1
3.393886 -1.897213 0.1
3.380410 -1.868007 0.1
3.367459 -1.838607 0.1
3.355035 -1.809021 0.1
3.343142 -1.779260 0.1
3.331781 -1.749333 0.1
3.320954 -1.719249 0.1
3.310664 -1.689018 0.1
3.300913 -1.658648 0.1
3.291701 -1.628150 0.1
3.283031 -1.597533 0.1
3.274904 -1.566807 0.1
3.267321 -1.535980 0.1
3.260283 -1.505064 0.1
3.253791 -1.474066 0.1
3.247845 -1.442997 0.1
3.242447 -1.411866 0.1
3.237596 -1.380683 0.1
3.233292 -1.349457 0.1
3.229536 -1.318197 0.1
3.226328 -1.286914 0.1
3.223666 -1.255617 0.1
3.221552 -1.224315 0.1
3.219983 -1.193018 0.1
3.218959 -1.161734 0.1
3.218480 -1.130474 0.1
3.218544 -1.099247 0.1
3.219150 -1.068063 0.1
3.220296 -1.036929 0.1
3.221981 -1.005857 0.1
3.224204 -0.974854 0.1
3.226961 -0.943931 0.1
3.230251 -0.913096 0.1
3.234073 -0.882358 0.1
3.238423 -0.851727 0.1
3.243299 -0.821212 0.1
3.248698 -0.790821 0.1
3.254617 -0.760563 0.1
3.261054 -0.730447 0.1
3.268006 -0.700482 0.1
3.275469 -0.670677 0.1
3.283439 -0.641039 0.1
3.291913 -0.611579 0.1
3.300888 -0.582304 0.1
3.310360 -0.553222 0.1
3.320324 -0.524343 0.1
3.330776 -0.495673 0.1
3.341713 -0.467222 0.1
3.353129 -0.438998 0.1
3.365021 -0.411008 0.1
3.377383 -0.383261 0.1
3.390212 -0.355763 0.1
3.403501 -0.328524 0.1
3.417246 -0.301550 0.1
3.431441 -0.274850 0.1
3.446082 -0.248430 0.1
3.461163 -0.222298 0.1
3.476679 -0.196461 0.1
3.492623 -0.170926 0.1
3.508990 -0.145701 0.1
3.525775 -0.120792 0.1
3.542970 -0.096206 0.1
3.560570 -0.071950 0.1
3.578570 -0.048031 0.1
3.596962 -0.024454 0.1
3.615739 -0.001226 0.1
3.634897 0.021646 0.1
3.654427 0.044157 0.1
3.674324 0.066300 0.1
3.694580 0.088070 0.1
3.715188 0.109461 0.1
3.736142 0.130467 0.1
3.757434 0.151083 0.1
3.779058 0.171303 0.1
3.801005 0.191122 0.1
3.823269 0.210535 0.1
3.845842 0.229538 0.1
3.868717 0.248124 0.1
3.891886 0.266290 0.1
3.915342 0.284031 0.1
3.939077 0.301343 0.1
3.963082 0.318221 0.1
3.987351 0.334661 0.1
4.011875 0.350659 0.1
4.036646 0.366212 0.1
4.061657 0.381314 0.1
4.086899 0.395964 0.1
4.112364 0.410157 0.1
4.138044 0.423891 0.1
4.163930 0.437161 0.1
4.190015 0.449966 0.1
4.216291 0.462302 0.1
4.242748 0.474166 0.1
4.269379 0.485556 0.1
4.296174 0.496469 0.1
4.323127 0.506904 0.1
4.350227 0.516858 0.1
4.377467 0.526329 0.1
4.404838 0.535315 0.1
4.432331 0.543815 0.1
4.459939 0.551827 0.1
4.487652 0.559349 0.1
4.515461 0.566381 0.1
4.543359 0.572922 0.1
4.571337 0.578970 0.1
4.599385 0.584524 0.1
4.627496 0.589585 0.1
4.655660 0.594151 0.1
4.683870 0.598222 0.1
4.712116 0.601799 0.1
4.740390 0.604880 0.1
4.768683 0.607467 0.1
4.796987 0.609559 0.1
4.825293 0.611157 0.1
4.853592 0.612261 0.1
4.881877 0.612873 0.1
4.910138 0.612992 0.1
4.938367 0.612620 0.1
4.966556 0.611758 0.1
4.994695 0.610408 0.1
