738
3.137080 5.022316 0.1
3.250503 5.026232 0.1
3.363424 5.028286 0.1
3.475818 5.028494 0.1
3.587660 5.026871 0.1
3.698927 5.023436 0.1
3.809593 5.018204 0.1
3.919636 5.011194 0.1
4.029031 5.002423 0.1
4.137755 4.991910 0.1
4.245786 4.979671 0.1
4.353102 4.965726 0.1
4.459679 4.950093 0.1
4.565496 4.932791 0.1
4.670532 4.913839 0.1
4.774764 4.893256 0.1
4.878174 4.871062 0.1
4.980739 4.847276 0.1
5.082440 4.821918 0.1
5.183256 4.795009 0.1
5.283169 4.766568 0.1
5.382159 4.736616 0.1
5.480207 4.705175 0.1
5.577294 4.672263 0.1
5.673404 4.637903 0.1
5.768517 4.602117 0.1
5.862616 4.564924 0.1
5.955685 4.526347 0.1
6.047706 4.486408 0.1
6.138664 4.445127 0.1
6.228542 4.402529 0.1
6.317324 4.358633 0.1
6.404995 4.313464 0.1
6.491541 4.267043 0.1
6.576947 4.219392 0.1
6.661199 4.170535 0.1
6.744282 4.120494 0.1
6.826184 4.069293 0.1
6.906891 4.016954 0.1
6.986391 3.963501 0.1
7.064671 3.908956 0.1
7.141719 3.853343 0.1
7.217525 3.796686 0.1
7.292076 3.739008 0.1
7.365361 3.680333 0.1
7.437371 3.620684 0.1
7.508096 3.560085 0.1
7.577525 3.498560 0.1
7.645649 3.436134 0.1
7.712459 3.372829 0.1
7.777947 3.308670 0.1
7.842105 3.243681 0.1
7.904925 3.177886 0.1
7.966399 3.111309 0.1
8.026520 3.043974 0.1
8.085281 2.975906 0.1
8.142677 2.907129 0.1
8.198701 2.837666 0.1
8.253349 2.767543 0.1
8.306613 2.696782 0.1
8.358491 2.625410 0.1
8.408977 2.553449 0.1
8.458067 2.480924 0.1
8.505758 2.407860 0.1
8.552046 2.334279 0.1
8.596929 2.260207 0.1
8.640403 2.185668 0.1
8.682467 2.110685 0.1
8.723119 2.035283 0.1
8.762357 1.959485 0.1
8.800181 1.883316 0.1
8.836588 1.806800 0.1
8.871580 1.729959 0.1
8.905156 1.652819 0.1
8.937316 1.575402 0.1
8.968061 1.497732 0.1
8.997393 1.419833 0.1
9.025311 1.341728 0.1
9.051819 1.263440 0.1
9.076918 1.184992 0.1
9.100611 1.106409 0.1
9.122900 1.027712 0.1
9.143789 0.948924 0.1
9.163281 0.870069 0.1
9.181380 0.791169 0.1
9.198090 0.712246 0.1
9.213415 0.633323 0.1
9.227360 0.554422 0.1
9.239930 0.475565 0.1
9.251132 0.396775 0.1
9.260969 0.318072 0.1
9.269450 0.239479 0.1
9.276579 0.161018 0.1
9.282364 0.082709 0.1
9.286811 0.004573 0.1
9.289929 -0.073368 0.1
9.291723 -0.151093 0.1
9.292204 -0.228582 0.1
9.291378 -0.305814 0.1
9.289254 -0.382770 0.1
9.285841 -0.459429 0.1
9.281148 -0.535770 0.1
9.275185 -0.611775 0.1
9.267960 -0.687424 0.1
9.259484 -0.762698 0.1
9.249768 -0.837577 0.1
9.238821 -0.912043 0.1
9.226654 -0.986077 0.1
9.213278 -1.059661 0.1
9.198705 -1.132776 0.1
9.182945 -1.205405 0.1
9.166011 -1.277529 0.1
9.147915 -1.349132 0.1
9.128669 -1.420195 0.1
9.108284 -1.490703 0.1
9.086775 -1.560637 0.1
9.064153 -1.629982 0.1
9.040432 -1.698722 0.1
9.015626 -1.766840 0.1
8.989747 -1.834320 0.1
8.962810 -1.901148 0.1
8.934828 -1.967307 0.1
8.905816 -2.032783 0.1
8.875788 -2.097561 0.1
8.844758 -2.161626 0.1
8.812742 -2.224965 0.1
8.779754 -2.287563 0.1
8.745810 -2.349407 0.1
8.710924 -2.410483 0.1
8.675112 -2.470778 0.1
8.638390 -2.530280 0.1
8.600774 -2.588976 0.1
8.562279 -2.646854 0.1
8.522921 -2.703901 0.1
8.482717 -2.760107 0.1
8.441684 -2.815459 0.1
8.399837 -2.869947 0.1
8.357193 -2.923559 0.1
8.313769 -2.976286 0.1
8.269582 -3.028117 0.1
8.224649 -3.079042 0.1
8.178987 -3.129051 0.1
8.132613 -3.178136 0.1
8.085544 -3.226287 0.1
8.037799 -3.273496 0.1
7.989394 -3.319753 0.1
7.940347 -3.365052 0.1
7.890676 -3.409384 0.1
7.840398 -3.452741 0.1
7.789532 -3.495117 0.1
7.738095 -3.536504 0.1
7.686105 -3.576897 0.1
7.633581 -3.616288 0.1
7.580540 -3.654671 0.1
7.527000 -3.692042 0.1
7.472980 -3.728394 0.1
7.418497 -3.763723 0.1
7.363571 -3.798024 0.1
7.308219 -3.831292 0.1
7.252459 -3.863524 0.1
7.196311 -3.894714 0.1
7.139792 -3.924861 0.1
7.082920 -3.953960 0.1
7.025714 -3.982009 0.1
6.968193 -4.009005 0.1
6.910374 -4.034946 0.1
6.852276 -4.059830 0.1
6.793918 -4.083654 0.1
6.735317 -4.106418 0.1
6.676492 -4.128121 0.1
6.617461 -4.148761 0.1
6.558242 -4.168339 0.1
6.498854 -4.186853 0.1
6.439314 -4.204304 0.1
6.379641 -4.220693 0.1
6.319853 -4.236019 0.1
6.259967 -4.250285 0.1
6.200002 -4.263490 0.1
6.139976 -4.275638 0.1
6.079905 -4.286729 0.1
6.019809 -4.296765 0.1
5.959704 -4.305749 0.1
5.899608 -4.313684 0.1
5.839539 -4.320573 0.1
5.779514 -4.326418 0.1
5.719550 -4.331223 0.1
5.659665 -4.334993 0.1
5.599875 -4.337730 0.1
5.540197 -4.339440 0.1
5.480649 -4.340127 0.1
5.421247 -4.339795 0.1
5.362008 -4.338450 0.1
5.302947 -4.336097 0.1
5.244082 -4.332742 0.1
5.185429 -4.328391 0.1
5.127004 -4.323049 0.1
5.068823 -4.316723 0.1
5.010901 -4.309420 0.1
4.953255 -4.301146 0.1
4.895900 -4.291909 0.1
4.838850 -4.281716 0.1
4.782123 -4.270574 0.1
4.725732 -4.258492 0.1
4.669692 -4.245476 0.1
4.614018 -4.231536 0.1
4.558725 -4.216681 0.1
4.503827 -4.200917 0.1
4.449339 -4.184255 0.1
4.395274 -4.166704 0.1
4.341645 -4.148273 0.1
4.288468 -4.128971 0.1
4.235755 -4.108808 0.1
4.183520 -4.087794 0.1
4.131775 -4.065940 0.1
4.080534 -4.043255 0.1
4.029809 -4.019750 0.1
3.979613 -3.995435 0.1
3.929958 -3.970323 0.1
3.880856 -3.944422 0.1
3.832319 -3.917746 0.1
3.784359 -3.890304 0.1
3.736987 -3.862110 0.1
3.690214 -3.833174 0.1
3.644051 -3.803507 0.1
3.598510 -3.773124 0.1
3.553600 -3.742034 0.1
3.509332 -3.710252 0.1
3.465717 -3.677789 0.1
3.422763 -3.644657 0.1
3.380481 -3.610870 0.1
3.338880 -3.576440 0.1
3.297970 -3.541381 0.1
3.257758 -3.505706 0.1
3.218255 -3.469427 0.1
3.179468 -3.432558 0.1
3.141406 -3.395113 0.1
3.104076 -3.357104 0.1
3.067487 -3.318547 0.1
3.031646 -3.279454 0.1
2.996560 -3.239839 0.1
2.962236 -3.199717 0.1
2.928681 -3.159101 0.1
2.895902 -3.118006 0.1
2.863905 -3.076445 0.1
2.832695 -3.034433 0.1
2.802279 -2.991984 0.1
2.772663 -2.949113 0.1
2.743851 -2.905834 0.1
2.715848 -2.862161 0.1
2.688660 -2.818110 0.1
2.662290 -2.773694 0.1
2.636743 -2.728929 0.1
2.612024 -2.683829 0.1
2.588135 -2.638408 0.1
2.565081 -2.592682 0.1
2.542865 -2.546666 0.1
2.521489 -2.500373 0.1
2.500957 -2.453820 0.1
2.481270 -2.407020 0.1
2.462432 -2.359990 0.1
2.444444 -2.312742 0.1
2.427308 -2.265293 0.1
2.411026 -2.217657 0.1
2.395598 -2.169849 0.1
2.381026 -2.121884 0.1
2.367311 -2.073777 0.1
2.354452 -2.025542 0.1
2.342451 -1.977195 0.1
2.331307 -1.928749 0.1
2.321020 -1.880220 0.1
2.311589 -1.831623 0.1
2.303015 -1.782972 0.1
2.295295 -1.734281 0.1
2.288429 -1.685566 0.1
2.282415 -1.636840 0.1
2.277251 -1.588119 0.1
2.272937 -1.539416 0.1
2.269468 -1.490746 0.1
2.266844 -1.442123 0.1
2.265061 -1.393562 0.1
2.264117 -1.345076 0.1
2.264009 -1.296679 0.1
2.264732 -1.248387 0.1
2.266284 -1.200211 0.1
2.268661 -1.152167 0.1
2.271859 -1.104267 0.1
2.275873 -1.056526 0.1
2.280700 -1.008957 0.1
2.286335 -0.961574 0.1
2.292772 -0.914389 0.1
2.300006 -0.867416 0.1
2.308034 -0.820668 0.1
2.316848 -0.774158 0.1
2.326443 -0.727899 0.1
2.336813 -0.681903 0.1
2.347953 -0.636184 0.1
2.359856 -0.590752 0.1
2.372515 -0.545622 0.1
2.385924 -0.500806 0.1
2.400075 -0.456314 0.1
2.414963 -0.412159 0.1
2.430578 -0.368354 0.1
2.446915 -0.324909 0.1
2.463966 -0.281836 0.1
2.481722 -0.239147 0.1
2.500176 -0.196852 0.1
2.519319 -0.154963 0.1
2.539143 -0.113490 0.1
2.559641 -0.072445 0.1
2.580802 -0.031838 0.1
2.602619 0.008321 0.1
2.625082 0.048022 0.1
2.648182 0.087254 0.1
2.671910 0.126007 0.1
2.696257 0.164273 0.1
2.721213 0.202041 0.1
2.746768 0.239302 0.1
2.772913 0.276046 0.1
2.799637 0.312266 0.1
2.826931 0.347952 0.1
2.854784 0.383095 0.1
2.883185 0.417687 0.1
2.912126 0.451719 0.1
2.941593 0.485185 0.1
2.971578 0.518076 0.1
3.002069 0.550383 0.1
3.033056 0.582101 0.1
3.064526 0.613221 0.1
3.096470 0.643736 0.1
3.128876 0.673640 0.1
3.161732 0.702926 0.1
3.195028 0.731587 0.1
3.228751 0.759618 0.1
3.262890 0.787012 0.1
3.297434 0.813763 0.1
3.332371 0.839866 0.1
3.367688 0.865315 0.1
3.403374 0.890105 0.1
3.439418 0.914232 0.1
3.475806 0.937689 0.1
3.512527 0.960473 0.1
3.549569 0.982580 0.1
3.586920 1.004005 0.1
3.624567 1.024744 0.1
3.662499 1.044793 0.1
3.700702 1.064150 0.1
3.739165 1.082810 0.1
3.777875 1.100771 0.1
3.816820 1.118029 0.1
3.855987 1.134583 0.1
3.895364 1.150429 0.1
3.934938 1.165566 0.1
3.974698 1.179991 0.1
4.014630 1.193702 0.1
4.054721 1.206699 0.1
4.094960 1.218979 0.1
4.135335 1.230541 0.1
4.175831 1.241385 0.1
4.216438 1.251510 0.1
4.257142 1.260915 0.1
4.297930 1.269600 0.1
4.338792 1.277565 0.1
4.379713 1.284810 0.1
4.420683 1.291335 0.1
4.461687 1.297141 0.1
4.502715 1.302228 0.1
4.543753 1.306598 0.1
4.584789 1.310251 0.1
4.625812 1.313190 0.1
4.666808 1.315415 0.1
4.707767 1.316929 0.1
4.748675 1.317732 0.1
4.789521 1.317828 0.1
4.830292 1.317219 0.1
4.870977 1.315908 0.1
4.911565 1.313896 0.1
4.952042 1.311188 0.1
4.992398 1.307786 0.1
5.032621 1.303694 0.1
5.072699 1.298915 0.1
5.112621 1.293452 0.1
5.152375 1.287311 0.1
5.191950 1.280494 0.1
5.231335 1.273007 0.1
5.270519 1.264853 0.1
5.309491 1.256038 0.1
5.348239 1.246565 0.1
5.386753 1.236441 0.1
5.425023 1.225670 0.1
5.463037 1.214258 0.1
5.500785 1.202210 0.1
5.538257 1.189532 0.1
5.575442 1.176229 0.1
5.612331 1.162309 0.1
5.648913 1.147776 0.1
5.685178 1.132638 0.1
5.721116 1.116900 0.1
5.756718 1.100570 0.1
5.791975 1.083653 0.1
5.826876 1.066159 0.1
5.861413 1.048092 0.1
5.895576 1.029461 0.1
5.929356 1.010273 0.1
5.962745 0.990535 0.1
5.995734 0.970256 0.1
6.028314 0.949442 0.1
6.060477 0.928102 0.1
6.092214 0.906245 0.1
6.123518 0.883877 0.1
6.154380 0.861008 0.1
6.184793 0.837646 0.1
6.214749 0.813799 0.1
6.244240 0.789476 0.1
6.273259 0.764686 0.1
6.301799 0.739438 0.1
6.329853 0.713741 0.1
6.357414 0.687603 0.1
6.384476 0.661035 0.1
6.411031 0.634045 0.1
6.437073 0.606643 0.1
6.462597 0.578839 0.1
6.487596 0.550641 0.1
6.512065 0.522059 0.1
6.535997 0.493105 0.1
6.559388 0.463786 0.1
6.582231 0.434113 0.1
6.604523 0.404096 0.1
6.626257 0.373745 0.1
6.647429 0.343071 0.1
6.668035 0.312083 0.1
6.688069 0.280791 0.1
6.707529 0.249207 0.1
6.726409 0.217340 0.1
6.744707 0.185200 0.1
6.762417 0.152799 0.1
6.779537 0.120146 0.1
6.796064 0.087252 0.1
6.811994 0.054129 0.1
6.827324 0.020785 0.1
6.842051 -0.012767 0.1
6.856174 -0.046517 0.1
6.869689 -0.080455 0.1
6.882595 -0.114570 0.1
6.894889 -0.148851 0.1
6.906569 -0.183287 0.1
6.917634 -0.217868 0.1
6.928083 -0.252582 0.1
6.937914 -0.287419 0.1
6.947126 -0.322368 0.1
6.955718 -0.357419 0.1
6.963689 -0.392560 0.1
6.971040 -0.427780 0.1
6.977769 -0.463070 0.1
6.983876 -0.498417 0.1
6.989361 -0.533812 0.1
6.994226 -0.569244 0.1
6.998469 -0.604701 0.1
7.002092 -0.640173 0.1
7.005095 -0.675650 0.1
7.007480 -0.711121 0.1
7.009246 -0.746575 0.1
7.010397 -0.782001 0.1
7.010932 -0.817389 0.1
7.010855 -0.852730 0.1
7.010166 -0.888011 0.1
7.008867 -0.923223 0.1
7.006962 -0.958355 0.1
7.004451 -0.993397 0.1
7.001338 -1.028339 0.1
6.997626 -1.063171 0.1
6.993316 -1.097882 0.1
6.988413 -1.132463 0.1
6.982919 -1.166903 0.1
6.976838 -1.201193 0.1
6.970174 -1.235322 0.1
6.962929 -1.269281 0.1
6.955108 -1.303060 0.1
6.946715 -1.336650 0.1
6.937754 -1.370041 0.1
6.928229 -1.403224 0.1
6.918145 -1.436189 0.1
6.907507 -1.468926 0.1
6.896318 -1.501428 0.1
6.884585 -1.533684 0.1
6.872312 -1.565686 0.1
6.859504 -1.597425 0.1
6.846167 -1.628892 0.1
6.832307 -1.660078 0.1
6.817928 -1.690975 0.1
6.803037 -1.721575 0.1
6.787640 -1.751868 0.1
6.771742 -1.781848 0.1
6.755350 -1.811505 0.1
6.738471 -1.840831 0.1
6.721110 -1.869820 0.1
6.703274 -1.898463 0.1
6.684970 -1.926752 0.1
6.666205 -1.954680 0.1
6.646986 -1.982239 0.1
6.627319 -2.009423 0.1
6.607211 -2.036224 0.1
6.586671 -2.062636 0.1
6.565706 -2.088650 0.1
6.544322 -2.114262 0.1
6.522528 -2.139463 0.1
6.500331 -2.164248 0.1
6.477738 -2.188611 0.1
6.454759 -2.212544 0.1
6.431401 -2.236043 0.1
6.407671 -2.259101 0.1
6.383578 -2.281713 0.1
6.359131 -2.303873 0.1
6.334337 -2.325575 0.1
6.309206 -2.346815 0.1
6.283744 -2.367587 0.1
6.257962 -2.387887 0.1
6.231867 -2.407709 0.1
6.205469 -2.427048 0.1
6.178775 -2.445901 0.1
6.151796 -2.464263 0.1
6.124539 -2.482130 0.1
6.097014 -2.499498 0.1
6.069229 -2.516362 0.1
6.041195 -2.532720 0.1
6.012919 -2.548567 0.1
5.984412 -2.563901 0.1
5.955681 -2.578717 0.1
5.926737 -2.593014 0.1
5.897589 -2.606788 0.1
5.868245 -2.620035 0.1
5.838716 -2.632755 0.1
5.809011 -2.644944 0.1
5.779139 -2.656600 0.1
5.749110 -2.667721 0.1
5.718932 -2.678306 0.1
5.688616 -2.688351 0.1
5.658171 -2.697856 0.1
5.627606 -2.706820 0.1
5.596932 -2.715240 0.1
5.566157 -2.723117 0.1
5.535290 -2.730449 0.1
5.504343 -2.737234 0.1
5.473323 -2.743474 0.1
5.442241 -2.749167 0.1
5.411106 -2.754312 0.1
5.379928 -2.758911 0.1
5.348716 -2.762962 0.1
5.317479 -2.766467 0.1
5.286227 -2.769425 0.1
5.254970 -2.771837 0.1
5.223716 -2.773703 0.1
5.192476 -2.775025 0.1
5.161259 -2.775804 0.1
5.130073 -2.776041 0.1
5.098929 -2.775736 0.1
5.067835 -2.774892 0.1
5.036801 -2.773511 0.1
5.005836 -2.771593 0.1
4.974949 -2.769142 0.1
4.944149 -2.766158 0.1
4.913445 -2.762645 0.1
4.882846 -2.758605 0.1
4.852362 -2.754040 0.1
4.822000 -2.748953 0.1
4.791771 -2.743347 0.1
4.761682 -2.737225 0.1
4.731742 -2.730591 0.1
4.701960 -2.723446 0.1
4.672345 -2.715796 0.1
4.642904 -2.707643 0.1
4.613647 -2.698991 0.1
4.584582 -2.689844 0.1
4.555717 -2.680206 0.1
4.527060 -2.670082 0.1
4.498619 -2.659475 0.1
4.470402 -2.648390 0.1
4.442418 -2.636831 0.1
4.414674 -2.624804 0.1
4.387177 -2.612312 0.1
4.359936 -2.599361 0.1
4.332958 -2.585957 0.1
4.306251 -2.572103 0.1
4.279821 -2.557805 0.1
4.253677 -2.543070 0.1
4.227824 -2.527901 0.1
4.202271 -2.512306 0.1
4.177025 -2.496289 0.1
4.152091 -2.479857 0.1
4.127478 -2.463016 0.1
4.103190 -2.445771 0.1
4.079236 -2.428129 0.1
4.055621 -2.410096 0.1
4.032352 -2.391679 0.1
4.009435 -2.372884 0.1
3.986875 -2.353717 0.1
3.964679 -2.334186 0.1
3.942853 -2.314297 0.1
3.921402 -2.294056 0.1
3.900331 -2.273472 0.1
3.879647 -2.252551 0.1
3.859354 -2.231300 0.1
3.839458 -2.209726 0.1
3.819964 -2.187836 0.1
3.800875 -2.165639 0.1
3.782199 -2.143141 0.1
3.763938 -2.120350 0.1
3.746097 -2.097273 0.1
3.728682 -2.073919 0.1
3.711695 -2.050294 0.1
3.695141 -2.026407 0.1
3.679025 -2.002266 0.1
3.663349 -1.977877 0.1
3.648117 -1.953250 0.1
3.633334 -1.928393 0.1
3.619002 -1.903312 0.1
3.605124 -1.878017 0.1
3.591704 -1.852516 0.1
3.578745 -1.826816 0.1
3.566249 -1.800926 0.1
3.554219 -1.774855 0.1
3.542658 -1.748610 0.1
3.531568 -1.722200 0.1
3.520951 -1.695632 0.1
3.510809 -1.668917 0.1
3.501145 -1.642061 0.1
3.491959 -1.615074 0.1
3.483254 -1.587964 0.1
3.475031 -1.560739 0.1
3.467291 -1.533408 0.1
3.460037 -1.505979 0.1
3.453267 -1.478461 0.1
3.446985 -1.450862 0.1
3.441189 -1.423190 0.1
3.435882 -1.395456 0.1
3.431062 -1.367666 0.1
3.426732 -1.339829 0.1
3.422890 -1.311954 0.1
3.419537 -1.284049 0.1
3.416673 -1.256124 0.1
3.414297 -1.228185 0.1
3.412410 -1.200242 0.1
3.411009 -1.172304 0.1
3.410096 -1.144377 0.1
3.409668 -1.116472 0.1
3.409725 -1.088597 0.1
3.410266 -1.060758 0.1
3.411289 -1.032966 0.1
3.412793 -1.005228 0.1
3.414777 -0.977553 0.1
3.417238 -0.949948 0.1
3.420176 -0.922422 0.1
3.423587 -0.894983 0.1
3.427470 -0.867640 0.1
3.431823 -0.840399 0.1
3.436642 -0.813269 0.1
3.441927 -0.786258 0.1
3.447673 -0.759375 0.1
3.453878 -0.732625 0.1
3.460540 -0.706019 0.1
3.467655 -0.679562 0.1
3.475220 -0.653263 0.1
3.483232 -0.627130 0.1
3.491687 -0.601169 0.1
3.500582 -0.575389 0.1
3.509912 -0.549796 0.1
3.519675 -0.524399 0.1
3.529867 -0.499203 0.1
3.540482 -0.474217 0.1
3.551518 -0.449447 0.1
3.562969 -0.424901 0.1
3.574832 -0.400585 0.1
3.587102 -0.376506 0.1
3.599774 -0.352671 0.1
3.612844 -0.329086 0.1
3.626307 -0.305759 0.1
3.640157 -0.282694 0.1
3.654390 -0.259900 0.1
3.669001 -0.237382 0.1
3.683984 -0.215146 0.1
3.699334 -0.193199 0.1
3.715046 -0.171546 0.1
3.731114 -0.150193 0.1
3.747532 -0.129146 0.1
3.764294 -0.108411 0.1
3.781396 -0.087994 0.1
3.798830 -0.067899 0.1
3.816591 -0.048132 0.1
3.834673 -0.028698 0.1
3.853070 -0.009603 0.1
3.871775 0.009148 0.1
3.890783 0.027552 0.1
3.910086 0.045602 0.1
3.929678 0.063294 0.1
3.949552 0.080624 0.1
3.969703 0.097587 0.1
3.990123 0.114179 0.1
4.010806 0.130396 0.1
4.031744 0.146233 0.1
4.052932 0.161687 0.1
4.074361 0.176753 0.1
4.096025 0.191429 0.1
4.117917 0.205710 0.1
4.140030 0.219594 0.1
4.162357 0.233076 0.1
4.184890 0.246153 0.1
4.207622 0.258824 0.1
4.230546 0.271083 0.1
4.253655 0.282930 0.1
4.276941 0.294360 0.1
4.300396 0.305372 0.1
4.324014 0.315963 0.1
4.347787 0.326130 0.1
4.371707 0.335873 0.1
4.395767 0.345188 0.1
4.419959 0.354073 0.1
4.444275 0.362528 0.1
4.468709 0.370550 0.1
4.493252 0.378137 0.1
4.517897 0.385289 0.1
4.542635 0.392004 0.1
4.567461 0.398282 0.1
4.592365 0.404120 0.1
4.617340 0.409519 0.1
4.642378 0.414478 0.1
4.667472 0.418995 0.1
4.692614 0.423071 0.1
4.717796 0.426706 0.1
4.743011 0.429899 0.1
4.768251 0.432649 0.1
4.793507 0.434958 0.1
4.818774 0.436826 0.1
4.844042 0.438252 0.1
4.869304 0.439238 0.1
4.894554 0.439784 0.1
4.919782 0.439890 0.1
4.944981 0.439559 0.1
4.970145 0.438789 0.1
4.995265 0.437584 0.1
