738
3.116720 5.088133 0.1
3.231382 5.092093 0.1
3.345538 5.094169 0.1
3.459160 5.094379 0.1
3.572225 5.092739 0.1
3.684707 5.089266 0.1
3.796583 5.083977 0.1
3.907828 5.076890 0.1
4.018419 5.068024 0.1
4.128332 5.057395 0.1
4.237544 5.045023 0.1
4.346032 5.030925 0.1
4.453774 5.015121 0.1
4.560747 4.997630 0.1
4.666931 4.978471 0.1
4.772303 4.957663 0.1
4.876842 4.935226 0.1
4.980528 4.911181 0.1
5.083341 4.885546 0.1
5.185259 4.858342 0.1
5.286264 4.829591 0.1
5.386335 4.799312 0.1
5.485455 4.767526 0.1
5.583604 4.734255 0.1
5.680763 4.699520 0.1
5.776916 4.663342 0.1
5.872044 4.625743 0.1
5.966130 4.586744 0.1
6.059157 4.546368 0.1
6.151108 4.504637 0.1
6.241968 4.461573 0.1
6.331721 4.417198 0.1
6.420351 4.371534 0.1
6.507842 4.324606 0.1
6.594182 4.276435 0.1
6.679354 4.227044 0.1
6.763345 4.176456 0.1
6.846142 4.124695 0.1
6.927731 4.071784 0.1
7.008100 4.017746 0.1
7.087236 3.962606 0.1
7.165126 3.906385 0.1
7.241760 3.849109 0.1
7.317126 3.790800 0.1
7.391212 3.731484 0.1
7.464009 3.671183 0.1
7.535507 3.609922 0.1
7.605694 3.547725 0.1
7.674563 3.484616 0.1
7.742104 3.420619 0.1
7.808308 3.355759 0.1
7.873166 3.290060 0.1
7.936673 3.223546 0.1
7.998818 3.156241 0.1
8.059596 3.088171 0.1
8.119000 3.019359 0.1
8.177023 2.949829 0.1
8.233660 2.879608 0.1
8.288904 2.808718 0.1
8.342751 2.737184 0.1
8.395196 2.665032 0.1
8.446233 2.592285 0.1
8.495860 2.518967 0.1
8.544072 2.445104 0.1
8.590866 2.370719 0.1
8.636239 2.295838 0.1
8.680189 2.220484 0.1
8.722713 2.144682 0.1
8.763809 2.068456 0.1
8.803476 1.991830 0.1
8.841713 1.914828 0.1
8.878518 1.837475 0.1
8.913892 1.759795 0.1
8.947835 1.681811 0.1
8.980347 1.603548 0.1
9.011428 1.525030 0.1
9.041080 1.446279 0.1
9.069304 1.367320 0.1
9.096101 1.288177 0.1
9.121475 1.208872 0.1
9.145426 1.129430 0.1
9.167959 1.049872 0.1
9.189077 0.970224 0.1
9.208781 0.890507 0.1
9.227078 0.810744 0.1
9.243970 0.730959 0.1
9.259463 0.651173 0.1
9.273561 0.571410 0.1
9.286268 0.491692 0.1
9.297592 0.412040 0.1
9.307537 0.332477 0.1
9.316110 0.253026 0.1
9.323317 0.173707 0.1
9.329166 0.094542 0.1
9.333662 0.015552 0.1
9.336813 -0.063240 0.1
9.338628 -0.141815 0.1
9.339113 -0.220151 0.1
9.338278 -0.298228 0.1
9.336131 -0.376024 0.1
9.332681 -0.453521 0.1
9.327937 -0.530697 0.1
9.321908 -0.607532 0.1
9.314604 -0.684008 0.1
9.306036 -0.760105 0.1
9.296213 -0.835802 0.1
9.285147 -0.911082 0.1
9.272847 -0.985925 0.1
9.259325 -1.060313 0.1
9.244592 -1.134227 0.1
9.228661 -1.207649 0.1
9.211542 -1.280562 0.1
9.193248 -1.352947 0.1
9.173791 -1.424787 0.1
9.153184 -1.496065 0.1
9.131439 -1.566764 0.1
9.108570 -1.636868 0.1
9.084590 -1.706358 0.1
9.059512 -1.775221 0.1
9.033351 -1.843439 0.1
9.006119 -1.910996 0.1
8.977832 -1.977879 0.1
8.948502 -2.044070 0.1
8.918146 -2.109556 0.1
8.886778 -2.174321 0.1
8.854412 -2.238352 0.1
8.821063 -2.301634 0.1
8.786748 -2.364154 0.1
8.751481 -2.425898 0.1
8.715278 -2.486852 0.1
8.678154 -2.547005 0.1
8.640127 -2.606342 0.1
8.601211 -2.664852 0.1
8.561423 -2.722523 0.1
8.520780 -2.779343 0.1
8.479298 -2.835300 0.1
8.436993 -2.890383 0.1
8.393883 -2.944582 0.1
8.349985 -2.997885 0.1
8.305315 -3.050282 0.1
8.259891 -3.101764 0.1
8.213730 -3.152320 0.1
8.166849 -3.201941 0.1
8.119266 -3.250618 0.1
8.070999 -3.298343 0.1
8.022065 -3.345106 0.1
7.972482 -3.390899 0.1
7.922268 -3.435716 0.1
7.871441 -3.479547 0.1
7.820019 -3.522386 0.1
7.768020 -3.564226 0.1
7.715462 -3.605059 0.1
7.662363 -3.644881 0.1
7.608742 -3.683684 0.1
7.554617 -3.721463 0.1
7.500007 -3.758213 0.1
7.444929 -3.793928 0.1
7.389402 -3.828604 0.1
7.333445 -3.862235 0.1
7.277076 -3.894819 0.1
7.220314 -3.926351 0.1
7.163177 -3.956827 0.1
7.105684 -3.986244 0.1
7.047853 -4.014600 0.1
6.989703 -4.041891 0.1
6.931253 -4.068115 0.1
6.872520 -4.093270 0.1
6.813524 -4.117355 0.1
6.754282 -4.140368 0.1
6.694814 -4.162308 0.1
6.635138 -4.183174 0.1
6.575272 -4.202965 0.1
6.515235 -4.221682 0.1
6.455044 -4.239324 0.1
6.394719 -4.255891 0.1
6.334277 -4.271386 0.1
6.273737 -4.285807 0.1
6.213117 -4.299157 0.1
6.152434 -4.311437 0.1
6.091708 -4.322649 0.1
6.030954 -4.332795 0.1
5.970193 -4.341878 0.1
5.909440 -4.349899 0.1
5.848715 -4.356863 0.1
5.788034 -4.362772 0.1
5.727414 -4.367630 0.1
5.666874 -4.371441 0.1
5.606431 -4.374208 0.1
5.546101 -4.375937 0.1
5.485902 -4.376631 0.1
5.425851 -4.376295 0.1
5.365964 -4.374936 0.1
5.306258 -4.372557 0.1
5.246750 -4.369166 0.1
5.187456 -4.364767 0.1
5.128392 -4.359366 0.1
5.069575 -4.352971 0.1
5.011020 -4.345588 0.1
4.952744 -4.337224 0.1
4.894762 -4.327886 0.1
4.837089 -4.317582 0.1
4.779742 -4.306318 0.1
4.722734 -4.294104 0.1
4.666082 -4.280946 0.1
4.609800 -4.266854 0.1
4.553903 -4.251836 0.1
4.498405 -4.235900 0.1
4.443321 -4.219056 0.1
4.388665 -4.201313 0.1
4.334450 -4.182680 0.1
4.280692 -4.163167 0.1
4.227403 -4.142784 0.1
4.174597 -4.121541 0.1
4.122286 -4.099447 0.1
4.070485 -4.076514 0.1
4.019206 -4.052753 0.1
3.968462 -4.028172 0.1
3.918264 -4.002785 0.1
3.868625 -3.976602 0.1
3.819558 -3.949634 0.1
3.771073 -3.921893 0.1
3.723183 -3.893390 0.1
3.675899 -3.864137 0.1
3.629232 -3.834147 0.1
3.583193 -3.803431 0.1
3.537792 -3.772002 0.1
3.493041 -3.739872 0.1
3.448949 -3.707054 0.1
3.405526 -3.673560 0.1
3.362782 -3.639404 0.1
3.320726 -3.604598 0.1
3.279368 -3.569156 0.1
3.238718 -3.533090 0.1
3.198782 -3.496415 0.1
3.159572 -3.459143 0.1
3.121093 -3.421289 0.1
3.083356 -3.382865 0.1
3.046367 -3.343886 0.1
3.010134 -3.304366 0.1
2.974664 -3.264318 0.1
2.939965 -3.223758 0.1
2.906044 -3.182698 0.1
2.872907 -3.141153 0.1
2.840560 -3.099138 0.1
2.809009 -3.056667 0.1
2.778261 -3.013754 0.1
2.748320 -2.970415 0.1
2.719193 -2.926663 0.1
2.690885 -2.882513 0.1
2.663399 -2.837980 0.1
2.636741 -2.793079 0.1
2.610915 -2.747824 0.1
2.585926 -2.702231 0.1
2.561776 -2.656314 0.1
2.538470 -2.610089 0.1
2.516011 -2.563569 0.1
2.494402 -2.516771 0.1
2.473645 -2.469709 0.1
2.453743 -2.422398 0.1
2.434699 -2.374853 0.1
2.416515 -2.327089 0.1
2.399192 -2.279121 0.1
2.382731 -2.230965 0.1
2.367135 -2.182634 0.1
2.352403 -2.134145 0.1
2.338538 -2.085512 0.1
2.325539 -2.036750 0.1
2.313406 -1.987874 0.1
2.302141 -1.938899 0.1
2.291741 -1.889840 0.1
2.282208 -1.840712 0.1
2.273539 -1.791529 0.1
2.265735 -1.742306 0.1
2.258794 -1.693058 0.1
2.252714 -1.643800 0.1
2.247495 -1.594546 0.1
2.243133 -1.545311 0.1
2.239627 -1.496109 0.1
2.236974 -1.446955 0.1
2.235171 -1.397863 0.1
2.234217 -1.348847 0.1
2.234107 -1.299922 0.1
2.234838 -1.251101 0.1
2.236407 -1.202399 0.1
2.238810 -1.153830 0.1
2.242043 -1.105407 0.1
2.246102 -1.057144 0.1
2.250981 -1.009055 0.1
2.256677 -0.961154 0.1
2.263184 -0.913453 0.1
2.270498 -0.865967 0.1
2.278613 -0.818708 0.1
2.287524 -0.771690 0.1
2.297224 -0.724925 0.1
2.307708 -0.678427 0.1
2.318969 -0.632207 0.1
2.331002 -0.586280 0.1
2.343799 -0.540657 0.1
2.357355 -0.495350 0.1
2.371661 -0.450372 0.1
2.386711 -0.405735 0.1
2.402497 -0.361451 0.1
2.419013 -0.317531 0.1
2.436250 -0.273987 0.1
2.454200 -0.230831 0.1
2.472855 -0.188074 0.1
2.492208 -0.145728 0.1
2.512249 -0.103802 0.1
2.532970 -0.062308 0.1
2.554363 -0.021257 0.1
2.576418 0.019341 0.1
2.599126 0.059475 0.1
2.622479 0.099136 0.1
2.646467 0.138313 0.1
2.671080 0.176997 0.1
2.696308 0.215178 0.1
2.722143 0.252846 0.1
2.748573 0.289992 0.1
2.775590 0.326608 0.1
2.803182 0.362683 0.1
2.831339 0.398210 0.1
2.860051 0.433180 0.1
2.889307 0.467585 0.1
2.919097 0.501417 0.1
2.949410 0.534667 0.1
2.980234 0.567327 0.1
3.011559 0.599391 0.1
3.043374 0.630851 0.1
3.075667 0.661700 0.1
3.108427 0.691931 0.1
3.141642 0.721537 0.1
3.175301 0.750512 0.1
3.209393 0.778849 0.1
3.243906 0.806542 0.1
3.278827 0.833586 0.1
3.314145 0.859974 0.1
3.349848 0.885701 0.1
3.385925 0.910762 0.1
3.422362 0.935152 0.1
3.459148 0.958866 0.1
3.496271 0.981899 0.1
3.533718 1.004248 0.1
3.571477 1.025907 0.1
3.609535 1.046872 0.1
3.647881 1.067141 0.1
3.686502 1.086709 0.1
3.725385 1.105573 0.1
3.764519 1.123730 0.1
3.803889 1.141177 0.1
3.843484 1.157912 0.1
3.883291 1.173931 0.1
3.923298 1.189233 0.1
3.963492 1.203816 0.1
4.003861 1.217677 0.1
4.044390 1.230816 0.1
4.085069 1.243230 0.1
4.125885 1.254919 0.1
4.166824 1.265881 0.1
4.207874 1.276117 0.1
4.249023 1.285625 0.1
4.290258 1.294405 0.1
4.331565 1.302456 0.1
4.372934 1.309780 0.1
4.414351 1.316377 0.1
4.455804 1.322246 0.1
4.497280 1.327389 0.1
4.538766 1.331807 0.1
4.580251 1.335500 0.1
4.621722 1.338471 0.1
4.663167 1.340720 0.1
4.704573 1.342250 0.1
4.745928 1.343063 0.1
4.787220 1.343160 0.1
4.828437 1.342544 0.1
4.869567 1.341218 0.1
4.910598 1.339185 0.1
4.951518 1.336447 0.1
4.992315 1.333008 0.1
5.032977 1.328871 0.1
5.073493 1.324039 0.1
5.113851 1.318517 0.1
5.154040 1.312309 0.1
5.194048 1.305418 0.1
5.233863 1.297848 0.1
5.273476 1.289606 0.1
5.312873 1.280694 0.1
5.352045 1.271118 0.1
5.390980 1.260883 0.1
5.429668 1.249995 0.1
5.468098 1.238458 0.1
5.506258 1.226278 0.1
5.544140 1.213461 0.1
5.581731 1.200013 0.1
5.619023 1.185941 0.1
5.656005 1.171249 0.1
5.692666 1.155945 0.1
5.728997 1.140035 0.1
5.764988 1.123527 0.1
5.800630 1.106426 0.1
5.835913 1.088740 0.1
5.870827 1.070476 0.1
5.905363 1.051641 0.1
5.939513 1.032243 0.1
5.973267 1.012290 0.1
6.006616 0.991789 0.1
6.039553 0.970748 0.1
6.072067 0.949175 0.1
6.104151 0.927078 0.1
6.135797 0.904466 0.1
6.166997 0.881347 0.1
6.197742 0.857729 0.1
6.228025 0.833622 0.1
6.257838 0.809033 0.1
6.287175 0.783972 0.1
6.316027 0.758448 0.1
6.344387 0.732470 0.1
6.372250 0.706047 0.1
6.399607 0.679189 0.1
6.426452 0.651904 0.1
6.452779 0.624202 0.1
6.478582 0.596094 0.1
6.503854 0.567588 0.1
6.528590 0.538694 0.1
6.552784 0.509423 0.1
6.576430 0.479783 0.1
6.599523 0.449786 0.1
6.622058 0.419441 0.1
6.644030 0.388759 0.1
6.665434 0.357749 0.1
6.686265 0.326423 0.1
6.706518 0.294789 0.1
6.726191 0.262859 0.1
6.745277 0.230644 0.1
6.763774 0.198153 0.1
6.781678 0.165397 0.1
6.798986 0.132388 0.1
6.815693 0.099135 0.1
6.831797 0.065649 0.1
6.847295 0.031941 0.1
6.862183 -0.001978 0.1
6.876460 -0.036097 0.1
6.890123 -0.070406 0.1
6.903170 -0.104893 0.1
6.915598 -0.139549 0.1
6.927406 -0.174361 0.1
6.938592 -0.209320 0.1
6.949155 -0.244413 0.1
6.959093 -0.279631 0.1
6.968406 -0.314962 0.1
6.977092 -0.350396 0.1
6.985150 -0.385921 0.1
6.992581 -0.421527 0.1
6.999383 -0.457202 0.1
7.005557 -0.492936 0.1
7.011103 -0.528717 0.1
7.016021 -0.564536 0.1
7.020310 -0.600381 0.1
7.023973 -0.636241 0.1
7.027009 -0.672105 0.1
7.029419 -0.707964 0.1
7.031205 -0.743805 0.1
7.032368 -0.779618 0.1
7.032910 -0.815394 0.1
7.032831 -0.851120 0.1
7.032135 -0.886787 0.1
7.030822 -0.922384 0.1
7.028896 -0.957900 0.1
7.026358 -0.993325 0.1
7.023211 -1.028649 0.1
7.019458 -1.063861 0.1
7.015101 -1.098952 0.1
7.010144 -1.133911 0.1
7.004591 -1.168727 0.1
6.998443 -1.203391 0.1
6.991706 -1.237894 0.1
6.984382 -1.272224 0.1
6.976475 -1.306373 0.1
6.967991 -1.340330 0.1
6.958932 -1.374085 0.1
6.949303 -1.407631 0.1
6.939108 -1.440956 0.1
6.928354 -1.474051 0.1
6.917043 -1.506908 0.1
6.905181 -1.539517 0.1
6.892774 -1.571868 0.1
6.879827 -1.603954 0.1
6.866344 -1.635765 0.1
6.852332 -1.667292 0.1
6.837796 -1.698527 0.1
6.822742 -1.729461 0.1
6.807177 -1.760085 0.1
6.791105 -1.790392 0.1
6.774535 -1.820374 0.1
6.757471 -1.850021 0.1
6.739920 -1.879326 0.1
6.721889 -1.908282 0.1
6.703385 -1.936880 0.1
6.684415 -1.965113 0.1
6.664985 -1.992974 0.1
6.645103 -2.020455 0.1
6.624777 -2.047549 0.1
6.604012 -2.074249 0.1
6.582817 -2.100548 0.1
6.561200 -2.126439 0.1
6.539167 -2.151916 0.1
6.516728 -2.176972 0.1
6.493889 -2.201601 0.1
6.470658 -2.225796 0.1
6.447044 -2.249552 0.1
6.423055 -2.272862 0.1
6.398700 -2.295721 0.1
6.373985 -2.318123 0.1
6.348920 -2.340063 0.1
6.323514 -2.361535 0.1
6.297774 -2.382534 0.1
6.271710 -2.403055 0.1
6.245330 -2.423094 0.1
6.218643 -2.442645 0.1
6.191658 -2.461704 0.1
6.164384 -2.480266 0.1
6.136829 -2.498328 0.1
6.109003 -2.515886 0.1
6.080915 -2.532935 0.1
6.052574 -2.549471 0.1
6.023989 -2.565492 0.1
5.995170 -2.580993 0.1
5.966126 -2.595971 0.1
5.936865 -2.610424 0.1
5.907398 -2.624348 0.1
5.877734 -2.637741 0.1
5.847883 -2.650599 0.1
5.817853 -2.662922 0.1
5.787654 -2.674705 0.1
5.757297 -2.685948 0.1
5.726789 -2.696648 0.1
5.696142 -2.706803 0.1
5.665364 -2.716412 0.1
5.634466 -2.725474 0.1
5.603456 -2.733986 0.1
5.572344 -2.741949 0.1
5.541141 -2.749361 0.1
5.509855 -2.756221 0.1
5.478496 -2.762528 0.1
5.447075 -2.768283 0.1
5.415599 -2.773485 0.1
5.384080 -2.778134 0.1
5.352527 -2.782230 0.1
5.320949 -2.785772 0.1
5.289355 -2.788763 0.1
5.257756 -2.791201 0.1
5.226161 -2.793088 0.1
5.194580 -2.794425 0.1
5.163021 -2.795212 0.1
5.131495 -2.795451 0.1
5.100010 -2.795143 0.1
5.068576 -2.794290 0.1
5.037203 -2.792893 0.1
5.005899 -2.790955 0.1
4.974675 -2.788477 0.1
4.943538 -2.785461 0.1
4.912499 -2.781909 0.1
4.881566 -2.777825 0.1
4.850748 -2.773210 0.1
4.820055 -2.768067 0.1
4.789495 -2.762400 0.1
4.759077 -2.756211 0.1
4.728810 -2.749504 0.1
4.698703 -2.742282 0.1
4.668764 -2.734548 0.1
4.639002 -2.726305 0.1
4.609425 -2.717559 0.1
4.580042 -2.708312 0.1
4.550861 -2.698569 0.1
4.521891 -2.688334 0.1
4.493139 -2.677611 0.1
4.464614 -2.666405 0.1
4.436324 -2.654720 0.1
4.408277 -2.642561 0.1
4.380480 -2.629933 0.1
4.352941 -2.616841 0.1
4.325668 -2.603289 0.1
4.298669 -2.589284 0.1
4.271950 -2.574831 0.1
4.245520 -2.559934 0.1
4.219385 -2.544600 0.1
4.193553 -2.528834 0.1
4.168030 -2.512642 0.1
4.142824 -2.496031 0.1
4.117942 -2.479005 0.1
4.093389 -2.461572 0.1
4.069173 -2.443737 0.1
4.045300 -2.425507 0.1
4.021777 -2.406889 0.1
3.998609 -2.387888 0.1
3.975803 -2.368512 0.1
3.953364 -2.348767 0.1
3.931299 -2.328661 0.1
3.909614 -2.308199 0.1
3.888313 -2.287390 0.1
3.867403 -2.266240 0.1
3.846888 -2.244756 0.1
3.826775 -2.222947 0.1
3.807067 -2.200818 0.1
3.787770 -2.178378 0.1
3.768889 -2.155634 0.1
3.750429 -2.132594 0.1
3.732394 -2.109265 0.1
3.714787 -2.085656 0.1
3.697615 -2.061773 0.1
3.680881 -2.037625 0.1
3.664588 -2.013219 0.1
3.648740 -1.988565 0.1
3.633343 -1.963668 0.1
3.618397 -1.938539 0.1
3.603909 -1.913185 0.1
3.589880 -1.887613 0.1
3.576313 -1.861833 0.1
3.563212 -1.835852 0.1
3.550580 -1.809680 0.1
3.538418 -1.783323 0.1
3.526731 -1.756791 0.1
3.515520 -1.730092 0.1
3.504786 -1.703235 0.1
3.494534 -1.676228 0.1
3.484764 -1.649078 0.1
3.475478 -1.621796 0.1
3.466677 -1.594390 0.1
3.458365 -1.566867 0.1
3.450541 -1.539237 0.1
3.443206 -1.511509 0.1
3.436363 -1.483690 0.1
3.430012 -1.455789 0.1
3.424153 -1.427815 0.1
3.418787 -1.399777 0.1
3.413916 -1.371684 0.1
3.409538 -1.343543 0.1
3.405654 -1.315363 0.1
3.402264 -1.287154 0.1
3.399369 -1.258923 0.1
3.396967 -1.230679 0.1
3.395059 -1.202431 0.1
3.393643 -1.174187 0.1
3.392720 -1.145955 0.1
3.392287 -1.117745 0.1
3.392345 -1.089565 0.1
3.392892 -1.061422 0.1
3.393926 -1.033327 0.1
3.395447 -1.005285 0.1
3.397452 -0.977308 0.1
3.399940 -0.949401 0.1
3.402910 -0.921574 0.1
3.406358 -0.893836 0.1
3.410284 -0.866193 0.1
3.414684 -0.838655 0.1
3.419556 -0.811228 0.1
3.424899 -0.783922 0.1
3.430708 -0.756745 0.1
3.436981 -0.729703 0.1
3.443716 -0.702806 0.1
3.450908 -0.676060 0.1
3.458556 -0.649474 0.1
3.466655 -0.623055 0.1
3.475203 -0.596810 0.1
3.484194 -0.570748 0.1
3.493627 -0.544876 0.1
3.503497 -0.519201 0.1
3.513800 -0.493730 0.1
3.524531 -0.468471 0.1
3.535687 -0.443430 0.1
3.547264 -0.418616 0.1
3.559257 -0.394034 0.1
3.571661 -0.369692 0.1
3.584471 -0.345596 0.1
3.597684 -0.321754 0.1
3.611294 -0.298171 0.1
3.625295 -0.274855 0.1
3.639684 -0.251812 0.1
3.654455 -0.229047 0.1
3.669601 -0.206569 0.1
3.685119 -0.184381 0.1
3.701003 -0.162492 0.1
3.717246 -0.140906 0.1
3.733843 -0.119629 0.1
3.750789 -0.098667 0.1
3.768078 -0.078026 0.1
3.785703 -0.057712 0.1
3.803658 -0.037729 0.1
3.821938 -0.018083 0.1
3.840535 0.001221 0.1
3.859445 0.020177 0.1
3.878660 0.038782 0.1
3.898174 0.057029 0.1
3.917980 0.074915 0.1
3.938072 0.092434 0.1
3.958443 0.109583 0.1
3.979086 0.126356 0.1
3.999995 0.142750 0.1
4.021162 0.158760 0.1
4.042581 0.174383 0.1
4.064245 0.189614 0.1
4.086146 0.204450 0.1
4.108277 0.218888 0.1
4.130632 0.232923 0.1
4.153202 0.246552 0.1
4.175982 0.259773 0.1
4.198962 0.272581 0.1
4.222137 0.284975 0.1
4.245498 0.296951 0.1
4.269038 0.308506 0.1
4.292750 0.319638 0.1
4.316626 0.330345 0.1
4.340659 0.340624 0.1
4.364840 0.350472 0.1
4.389163 0.359889 0.1
4.413619 0.368872 0.1
4.438202 0.377419 0.1
4.462902 0.385528 0.1
4.487714 0.393199 0.1
4.512628 0.400429 0.1
4.537637 0.407218 0.1
4.562734 0.413564 0.1
4.587910 0.419466 0.1
4.613158 0.424924 0.1
4.638470 0.429936 0.1
4.663838 0.434503 0.1
4.689255 0.438624 0.1
4.714712 0.442298 0.1
4.740202 0.445526 0.1
4.765718 0.448307 0.1
4.791251 0.450641 0.1
4.816793 0.452529 0.1
4.842337 0.453971 0.1
4.867876 0.454968 0.1
4.893401 0.455519 0.1
4.918905 0.455627 0.1
4.944380 0.455291 0.1
4.969818 0.454514 0.1
4.995213 0.453295 0.1
