721
5.000000 5.021400 0.1
5.104642 4.994963 0.1
5.208370 4.966931 0.1
5.311162 4.937324 0.1
5.412999 4.906164 0.1
5.513862 4.873473 0.1
5.613732 4.839271 0.1
5.712590 4.803581 0.1
5.810418 4.766423 0.1
5.907198 4.727822 0.1
6.002912 4.687798 0.1
6.097544 4.646373 0.1
6.191076 4.603572 0.1
6.283492 4.559415 0.1
6.374776 4.513927 0.1
6.464913 4.467130 0.1
6.553887 4.419048 0.1
6.641683 4.369703 0.1
6.728286 4.319118 0.1
6.813683 4.267319 0.1
6.897860 4.214328 0.1
6.980803 4.160168 0.1
7.062499 4.104865 0.1
7.142936 4.048442 0.1
7.222102 3.990922 0.1
7.299984 3.932331 0.1
7.376571 3.872692 0.1
7.451852 3.812030 0.1
7.525816 3.750369 0.1
7.598453 3.687734 0.1
7.669754 3.624149 0.1
7.739708 3.559639 0.1
7.808306 3.494229 0.1
7.875540 3.427944 0.1
7.941402 3.360807 0.1
8.005882 3.292845 0.1
8.068975 3.224081 0.1
8.130672 3.154541 0.1
8.190966 3.084251 0.1
8.249852 3.013233 0.1
8.307323 2.941515 0.1
8.363374 2.869120 0.1
8.417999 2.796073 0.1
8.471194 2.722400 0.1
8.522954 2.648126 0.1
8.573274 2.573274 0.1
8.622152 2.497872 0.1
8.669584 2.421942 0.1
8.715566 2.345511 0.1
8.760097 2.268602 0.1
8.803173 2.191241 0.1
8.844794 2.113453 0.1
8.884958 2.035262 0.1
8.923664 1.956693 0.1
8.960910 1.877770 0.1
8.996697 1.798518 0.1
9.031025 1.718961 0.1
9.063894 1.639124 0.1
9.095305 1.559031 0.1
9.125259 1.478706 0.1
9.153757 1.398173 0.1
9.180802 1.317457 0.1
9.206396 1.236580 0.1
9.230540 1.155568 0.1
9.253239 1.074443 0.1
9.274495 0.993230 0.1
9.294312 0.911951 0.1
9.312694 0.830630 0.1
9.329646 0.749290 0.1
9.345171 0.667955 0.1
9.359275 0.586646 0.1
9.371964 0.505388 0.1
9.383242 0.424202 0.1
9.393116 0.343110 0.1
9.401593 0.262136 0.1
9.408678 0.181302 0.1
9.414379 0.100628 0.1
9.418703 0.020138 0.1
9.421658 -0.060148 0.1
9.423252 -0.140207 0.1
9.423492 -0.220019 0.1
9.422388 -0.299563 0.1
9.419947 -0.378817 0.1
9.416180 -0.457761 0.1
9.411096 -0.536375 0.1
9.404704 -0.614638 0.1
9.397014 -0.692531 0.1
9.388037 -0.770033 0.1
9.377783 -0.847124 0.1
9.366263 -0.923787 0.1
9.353487 -1.000000 0.1
9.339468 -1.075746 0.1
9.324218 -1.151005 0.1
9.307747 -1.225759 0.1
9.290067 -1.299991 0.1
9.271193 -1.373681 0.1
9.251135 -1.446812 0.1
9.229907 -1.519367 0.1
9.207522 -1.591329 0.1
9.183993 -1.662679 0.1
9.159334 -1.733403 0.1
9.133559 -1.803482 0.1
9.106681 -1.872902 0.1
9.078715 -1.941646 0.1
9.049676 -2.009698 0.1
9.019577 -2.077042 0.1
8.988434 -2.143665 0.1
8.956262 -2.209551 0.1
8.923076 -2.274685 0.1
8.888891 -2.339053 0.1
8.853724 -2.402641 0.1
8.817589 -2.465435 0.1
8.780503 -2.527423 0.1
8.742482 -2.588590 0.1
8.703543 -2.648923 0.1
8.663701 -2.708412 0.1
8.622973 -2.767042 0.1
8.581376 -2.824802 0.1
8.538927 -2.881681 0.1
8.495643 -2.937667 0.1
8.451541 -2.992748 0.1
8.406639 -3.046915 0.1
8.360953 -3.100157 0.1
8.314502 -3.152463 0.1
8.267303 -3.203823 0.1
8.219373 -3.254229 0.1
8.170731 -3.303671 0.1
8.121395 -3.352140 0.1
8.071383 -3.399627 0.1
8.020712 -3.446125 0.1
7.969402 -3.491624 0.1
7.917470 -3.536118 0.1
7.864934 -3.579599 0.1
7.811814 -3.622059 0.1
7.758128 -3.663493 0.1
7.703894 -3.703894 0.1
7.649132 -3.743256 0.1
7.593859 -3.781573 0.1
7.538094 -3.818839 0.1
7.481857 -3.855049 0.1
7.425165 -3.890199 0.1
7.368039 -3.924284 0.1
7.310496 -3.957300 0.1
7.252556 -3.989242 0.1
7.194237 -4.020108 0.1
7.135558 -4.049894 0.1
7.076539 -4.078596 0.1
7.017198 -4.106213 0.1
6.957555 -4.132742 0.1
6.897627 -4.158182 0.1
6.837434 -4.182529 0.1
6.776995 -4.205783 0.1
6.716328 -4.227943 0.1
6.655453 -4.249009 0.1
6.594387 -4.268978 0.1
6.533151 -4.287852 0.1
6.471762 -4.305631 0.1
6.410239 -4.322314 0.1
6.348601 -4.337903 0.1
6.286865 -4.352399 0.1
6.225052 -4.365803 0.1
6.163179 -4.378116 0.1
6.101264 -4.389341 0.1
6.039325 -4.399480 0.1
5.977382 -4.408535 0.1
5.915451 -4.416509 0.1
5.853551 -4.423405 0.1
5.791699 -4.429227 0.1
5.729914 -4.433977 0.1
5.668214 -4.437661 0.1
5.606615 -4.440282 0.1
5.545135 -4.441845 0.1
5.483791 -4.442354 0.1
5.422602 -4.441814 0.1
5.361583 -4.440232 0.1
5.300752 -4.437612 0.1
5.240126 -4.433960 0.1
5.179721 -4.429282 0.1
5.119554 -4.423585 0.1
5.059642 -4.416875 0.1
5.000000 -4.409159 0.1
4.940645 -4.400444 0.1
4.881593 -4.390738 0.1
4.822859 -4.380048 0.1
4.764460 -4.368381 0.1
4.706410 -4.355747 0.1
4.648726 -4.342153 0.1
4.591421 -4.327607 0.1
4.534512 -4.312120 0.1
4.478013 -4.295698 0.1
4.421938 -4.278353 0.1
4.366302 -4.260093 0.1
4.311120 -4.240927 0.1
4.256404 -4.220867 0.1
4.202170 -4.199920 0.1
4.148431 -4.178099 0.1
4.095200 -4.155414 0.1
4.042490 -4.131874 0.1
3.990315 -4.107492 0.1
3.938687 -4.082277 0.1
3.887619 -4.056242 0.1
3.837123 -4.029397 0.1
3.787212 -4.001754 0.1
3.737898 -3.973326 0.1
3.689192 -3.944123 0.1
3.641106 -3.914159 0.1
3.593650 -3.883444 0.1
3.546837 -3.851992 0.1
3.500677 -3.819816 0.1
3.455181 -3.786927 0.1
3.410359 -3.753340 0.1
3.366220 -3.719066 0.1
3.322776 -3.684119 0.1
3.280036 -3.648512 0.1
3.238009 -3.612259 0.1
3.196704 -3.575374 0.1
3.156130 -3.537869 0.1
3.116297 -3.499758 0.1
3.077212 -3.461057 0.1
3.038883 -3.421777 0.1
3.001319 -3.381935 0.1
2.964528 -3.341543 0.1
2.928516 -3.300616 0.1
2.893291 -3.259169 0.1
2.858859 -3.217216 0.1
2.825229 -3.174771 0.1
2.792405 -3.131850 0.1
2.760394 -3.088466 0.1
2.729203 -3.044635 0.1
2.698836 -3.000371 0.1
2.669299 -2.955690 0.1
2.640598 -2.910606 0.1
2.612736 -2.865135 0.1
2.585719 -2.819291 0.1
2.559552 -2.773090 0.1
2.534237 -2.726546 0.1
2.509780 -2.679675 0.1
2.486183 -2.632492 0.1
2.463450 -2.585013 0.1
2.441584 -2.537252 0.1
2.420587 -2.489225 0.1
2.400463 -2.440947 0.1
2.381214 -2.392433 0.1
2.362841 -2.343700 0.1
2.345347 -2.294761 0.1
2.328732 -2.245633 0.1
2.312999 -2.196330 0.1
2.298147 -2.146868 0.1
2.284179 -2.097263 0.1
2.271093 -2.047529 0.1
2.258891 -1.997682 0.1
2.247573 -1.947737 0.1
2.237138 -1.897708 0.1
2.227585 -1.847612 0.1
2.218915 -1.797463 0.1
2.211125 -1.747277 0.1
2.204215 -1.697068 0.1
2.198182 -1.646851 0.1
2.193026 -1.596641 0.1
2.188744 -1.546453 0.1
2.185334 -1.496302 0.1
2.182794 -1.446202 0.1
2.181120 -1.396168 0.1
2.180309 -1.346214 0.1
2.180359 -1.296356 0.1
2.181266 -1.246607 0.1
2.183027 -1.196982 0.1
2.185636 -1.147495 0.1
2.189091 -1.098159 0.1
2.193387 -1.048990 0.1
2.198519 -1.000000 0.1
2.204482 -0.951204 0.1
2.211272 -0.902615 0.1
2.218883 -0.854248 0.1
2.227309 -0.806115 0.1
2.236545 -0.758229 0.1
2.246585 -0.710604 0.1
2.257423 -0.663254 0.1
2.269053 -0.616190 0.1
2.281467 -0.569427 0.1
2.294660 -0.522976 0.1
2.308624 -0.476850 0.1
2.323353 -0.431061 0.1
2.338838 -0.385622 0.1
2.355072 -0.340545 0.1
2.372049 -0.295843 0.1
2.389759 -0.251525 0.1
2.408194 -0.207606 0.1
2.427348 -0.164095 0.1
2.447210 -0.121004 0.1
2.467773 -0.078345 0.1
2.489027 -0.036128 0.1
2.510964 0.005636 0.1
2.533575 0.046935 0.1
2.556850 0.087760 0.1
2.580780 0.128101 0.1
2.605356 0.167946 0.1
2.630567 0.207287 0.1
2.656404 0.246112 0.1
2.682856 0.284414 0.1
2.709915 0.322181 0.1
2.737568 0.359406 0.1
2.765807 0.396079 0.1
2.794619 0.432191 0.1
2.823996 0.467733 0.1
2.853925 0.502698 0.1
2.884396 0.537076 0.1
2.915397 0.570861 0.1
2.946919 0.604043 0.1
2.978949 0.636615 0.1
3.011475 0.668570 0.1
3.044487 0.699901 0.1
3.077973 0.730601 0.1
3.111921 0.760662 0.1
3.146320 0.790078 0.1
3.181157 0.818843 0.1
3.216421 0.846951 0.1
3.252099 0.874395 0.1
3.288179 0.901170 0.1
3.324650 0.927270 0.1
3.361499 0.952690 0.1
3.398713 0.977425 0.1
3.436281 1.001470 0.1
3.474189 1.024820 0.1
3.512426 1.047470 0.1
3.550978 1.069418 0.1
3.589834 1.090658 0.1
3.628980 1.111186 0.1
3.668404 1.131000 0.1
3.708092 1.150095 0.1
3.748034 1.168469 0.1
3.788214 1.186119 0.1
3.828622 1.203042 0.1
3.869243 1.219235 0.1
3.910066 1.234696 0.1
3.951076 1.249424 0.1
3.992262 1.263416 0.1
4.033610 1.276671 0.1
4.075108 1.289188 0.1
4.116743 1.300964 0.1
4.158501 1.312000 0.1
4.200370 1.322295 0.1
4.242337 1.331848 0.1
4.284389 1.340658 0.1
4.326513 1.348727 0.1
4.368697 1.356053 0.1
4.410928 1.362638 0.1
4.453193 1.368482 0.1
4.495479 1.373585 0.1
4.537773 1.377949 0.1
4.580064 1.381576 0.1
4.622338 1.384465 0.1
4.664582 1.386620 0.1
4.706785 1.388041 0.1
4.748934 1.388732 0.1
4.791016 1.388694 0.1
4.833020 1.387929 0.1
4.874932 1.386441 0.1
4.916741 1.384232 0.1
4.958434 1.381306 0.1
5.000000 1.377665 0.1
5.041426 1.373314 0.1
5.082701 1.368255 0.1
5.123813 1.362493 0.1
5.164750 1.356032 0.1
5.205500 1.348876 0.1
5.246052 1.341030 0.1
5.286395 1.332497 0.1
5.326516 1.323284 0.1
5.366406 1.313395 0.1
5.406052 1.302834 0.1
5.445444 1.291609 0.1
5.484570 1.279723 0.1
5.523421 1.267184 0.1
5.561984 1.253996 0.1
5.600250 1.240165 0.1
5.638209 1.225699 0.1
5.675849 1.210603 0.1
5.713161 1.194885 0.1
5.750135 1.178549 0.1
5.786760 1.161605 0.1
5.823027 1.144058 0.1
5.858926 1.125916 0.1
5.894448 1.107186 0.1
5.929582 1.087876 0.1
5.964321 1.067993 0.1
5.998655 1.047546 0.1
6.032574 1.026541 0.1
6.066071 1.004988 0.1
6.099136 0.982894 0.1
6.131761 0.960267 0.1
6.163937 0.937117 0.1
6.195657 0.913451 0.1
6.226912 0.889279 0.1
6.257695 0.864609 0.1
6.287997 0.839451 0.1
6.317812 0.813812 0.1
6.347131 0.787704 0.1
6.375948 0.761134 0.1
6.404256 0.734112 0.1
6.432048 0.706648 0.1
6.459316 0.678751 0.1
6.486055 0.650432 0.1
6.512259 0.621699 0.1
6.537920 0.592563 0.1
6.563033 0.563033 0.1
6.587593 0.533121 0.1
6.611593 0.502835 0.1
6.635029 0.472187 0.1
6.657894 0.441186 0.1
6.680185 0.409842 0.1
6.701895 0.378167 0.1
6.723020 0.346171 0.1
6.743557 0.313864 0.1
6.763499 0.281257 0.1
6.782845 0.248361 0.1
6.801588 0.215186 0.1
6.819726 0.181744 0.1
6.837255 0.148044 0.1
6.854171 0.114098 0.1
6.870472 0.079917 0.1
6.886154 0.045512 0.1
6.901215 0.010894 0.1
6.915652 -0.023927 0.1
6.929462 -0.058938 0.1
6.942644 -0.094130 0.1
6.955195 -0.129491 0.1
6.967113 -0.165010 0.1
6.978397 -0.200676 0.1
6.989046 -0.236477 0.1
6.999057 -0.272403 0.1
7.008430 -0.308442 0.1
7.017164 -0.344584 0.1
7.025259 -0.380816 0.1
7.032713 -0.417129 0.1
7.039527 -0.453510 0.1
7.045701 -0.489950 0.1
7.051233 -0.526435 0.1
7.056126 -0.562957 0.1
7.060378 -0.599503 0.1
7.063991 -0.636063 0.1
7.066966 -0.672625 0.1
7.069303 -0.709178 0.1
7.071004 -0.745713 0.1
7.072070 -0.782217 0.1
7.072502 -0.818680 0.1
7.072303 -0.855090 0.1
7.071475 -0.891439 0.1
7.070018 -0.927713 0.1
7.067936 -0.963904 0.1
7.065232 -1.000000 0.1
7.061907 -1.035991 0.1
7.057964 -1.071866 0.1
7.053407 -1.107615 0.1
7.048239 -1.143227 0.1
7.042462 -1.178692 0.1
7.036081 -1.214001 0.1
7.029100 -1.249142 0.1
7.021521 -1.284106 0.1
7.013349 -1.318883 0.1
7.004588 -1.353463 0.1
6.995243 -1.387836 0.1
6.985318 -1.421992 0.1
6.974817 -1.455922 0.1
6.963745 -1.489617 0.1
6.952108 -1.523066 0.1
6.939910 -1.556260 0.1
6.927157 -1.589191 0.1
6.913854 -1.621849 0.1
6.900007 -1.654225 0.1
6.885621 -1.686310 0.1
6.870702 -1.718095 0.1
6.855257 -1.749572 0.1
6.839291 -1.780733 0.1
6.822810 -1.811567 0.1
6.805821 -1.842068 0.1
6.788331 -1.872227 0.1
6.770346 -1.902036 0.1
6.751873 -1.931487 0.1
6.732918 -1.960572 0.1
6.713490 -1.989284 0.1
6.693595 -2.017614 0.1
6.673240 -2.045556 0.1
6.652433 -2.073102 0.1
6.631181 -2.100245 0.1
6.609491 -2.126978 0.1
6.587373 -2.153294 0.1
6.564833 -2.179186 0.1
6.541879 -2.204648 0.1
6.518519 -2.229673 0.1
6.494763 -2.254255 0.1
6.470617 -2.278387 0.1
6.446089 -2.302065 0.1
6.421190 -2.325281 0.1
6.395926 -2.348031 0.1
6.370308 -2.370308 0.1
6.344342 -2.392107 0.1
6.318038 -2.413423 0.1
6.291405 -2.434251 0.1
6.264452 -2.454586 0.1
6.237188 -2.474423 0.1
6.209621 -2.493758 0.1
6.181762 -2.512586 0.1
6.153618 -2.530903 0.1
6.125199 -2.548704 0.1
6.096516 -2.565986 0.1
6.067575 -2.582746 0.1
6.038389 -2.598978 0.1
6.008965 -2.614681 0.1
5.979313 -2.629850 0.1
5.949442 -2.644482 0.1
5.919363 -2.658575 0.1
5.889085 -2.672126 0.1
5.858618 -2.685132 0.1
5.827970 -2.697591 0.1
5.797153 -2.709499 0.1
5.766175 -2.720857 0.1
5.735046 -2.731660 0.1
5.703777 -2.741908 0.1
5.672376 -2.751599 0.1
5.640854 -2.760731 0.1
5.609220 -2.769304 0.1
5.577485 -2.777315 0.1
5.545657 -2.784765 0.1
5.513748 -2.791653 0.1
5.481766 -2.797977 0.1
5.449722 -2.803737 0.1
5.417625 -2.808934 0.1
5.385485 -2.813567 0.1
5.353313 -2.817636 0.1
5.321116 -2.821141 0.1
5.288906 -2.824083 0.1
5.256693 -2.826463 0.1
5.224485 -2.828281 0.1
5.192292 -2.829537 0.1
5.160125 -2.830234 0.1
5.127992 -2.830373 0.1
5.095904 -2.829954 0.1
5.063869 -2.828980 0.1
5.031898 -2.827451 0.1
5.000000 -2.825371 0.1
4.968184 -2.822741 0.1
4.936459 -2.819563 0.1
4.904836 -2.815840 0.1
4.873322 -2.811574 0.1
4.841928 -2.806767 0.1
4.810663 -2.801424 0.1
4.779535 -2.795545 0.1
4.748553 -2.789136 0.1
4.717727 -2.782199 0.1
4.687066 -2.774737 0.1
4.656578 -2.766755 0.1
4.626271 -2.758255 0.1
4.596156 -2.749242 0.1
4.566239 -2.739719 0.1
4.536531 -2.729692 0.1
4.507038 -2.719163 0.1
4.477770 -2.708138 0.1
4.448734 -2.696621 0.1
4.419940 -2.684617 0.1
4.391394 -2.672131 0.1
4.363105 -2.659168 0.1
4.335081 -2.645732 0.1
4.307330 -2.631829 0.1
4.279858 -2.617465 0.1
4.252675 -2.602644 0.1
4.225786 -2.587373 0.1
4.199201 -2.571657 0.1
4.172925 -2.555502 0.1
4.146966 -2.538914 0.1
4.121331 -2.521899 0.1
4.096027 -2.504463 0.1
4.071061 -2.486613 0.1
4.046439 -2.468355 0.1
4.022169 -2.449695 0.1
3.998255 -2.430640 0.1
3.974706 -2.411197 0.1
3.951526 -2.391372 0.1
3.928722 -2.371173 0.1
3.906301 -2.350606 0.1
3.884267 -2.329679 0.1
3.862626 -2.308399 0.1
3.841385 -2.286773 0.1
3.820548 -2.264808 0.1
3.800120 -2.242512 0.1
3.780108 -2.219892 0.1
3.760516 -2.196956 0.1
3.741348 -2.173712 0.1
3.722610 -2.150168 0.1
3.704305 -2.126330 0.1
3.686440 -2.102208 0.1
3.669017 -2.077809 0.1
3.652042 -2.053140 0.1
3.635517 -2.028211 0.1
3.619448 -2.003030 0.1
3.603837 -1.977604 0.1
3.588689 -1.951941 0.1
3.574006 -1.926051 0.1
3.559793 -1.899941 0.1
3.546052 -1.873620 0.1
3.532786 -1.847097 0.1
3.519998 -1.820379 0.1
3.507691 -1.793475 0.1
3.495868 -1.766394 0.1
3.484530 -1.739144 0.1
3.473680 -1.711735 0.1
3.463321 -1.684174 0.1
3.453453 -1.656470 0.1
3.444080 -1.628632 0.1
3.435202 -1.600670 0.1
3.426822 -1.572590 0.1
3.418939 -1.544403 0.1
3.411557 -1.516116 0.1
3.404675 -1.487740 0.1
3.398295 -1.459282 0.1
3.392417 -1.430751 0.1
3.387042 -1.402156 0.1
3.382170 -1.373505 0.1
3.377802 -1.344809 0.1
3.373938 -1.316074 0.1
3.370578 -1.287311 0.1
3.367721 -1.258528 0.1
3.365367 -1.229733 0.1
3.363517 -1.200935 0.1
3.362168 -1.172143 0.1
3.361321 -1.143366 0.1
3.360975 -1.114612 0.1
3.361128 -1.085890 0.1
3.361779 -1.057208 0.1
3.362927 -1.028575 0.1
3.364571 -1.000000 0.1
3.366708 -0.971491 0.1
3.369338 -0.943056 0.1
3.372458 -0.914704 0.1
3.376065 -0.886443 0.1
3.380158 -0.858282 0.1
3.384735 -0.830229 0.1
3.389793 -0.802291 0.1
3.395329 -0.774478 0.1
3.401341 -0.746797 0.1
3.407825 -0.719257 0.1
3.414779 -0.691864 0.1
3.422200 -0.664628 0.1
3.430083 -0.637556 0.1
3.438427 -0.610656 0.1
3.447226 -0.583936 0.1
3.456478 -0.557402 0.1
3.466179 -0.531064 0.1
3.476324 -0.504928 0.1
3.486910 -0.479001 0.1
3.497933 -0.453292 0.1
3.509387 -0.427807 0.1
3.521270 -0.402554 0.1
3.533575 -0.377540 0.1
3.546299 -0.352771 0.1
3.559437 -0.328254 0.1
3.572983 -0.303998 0.1
3.586934 -0.280007 0.1
3.601283 -0.256289 0.1
3.616025 -0.232850 0.1
3.631156 -0.209698 0.1
3.646669 -0.186837 0.1
3.662560 -0.164275 0.1
3.678822 -0.142017 0.1
3.695450 -0.120070 0.1
3.712438 -0.098439 0.1
3.729780 -0.077131 0.1
3.747470 -0.056151 0.1
3.765502 -0.035505 0.1
3.783870 -0.015197 0.1
3.802567 0.004766 0.1
3.821587 0.024379 0.1
3.840924 0.043637 0.1
3.860571 0.062535 0.1
3.880521 0.081068 0.1
3.900768 0.099232 0.1
3.921305 0.117021 0.1
3.942126 0.134431 0.1
3.963222 0.151458 0.1
3.984588 0.168098 0.1
4.006216 0.184345 0.1
4.028100 0.200197 0.1
4.050231 0.215649 0.1
4.072603 0.230697 0.1
4.095209 0.245338 0.1
4.118040 0.259569 0.1
4.141091 0.273385 0.1
4.164353 0.286784 0.1
4.187819 0.299762 0.1
4.211481 0.312317 0.1
4.235331 0.324445 0.1
4.259363 0.336144 0.1
4.283569 0.347411 0.1
4.307940 0.358244 0.1
4.332470 0.368640 0.1
4.357149 0.378598 0.1
4.381972 0.388114 0.1
4.406929 0.397188 0.1
4.432013 0.405817 0.1
4.457216 0.414000 0.1
4.482531 0.421735 0.1
4.507949 0.429021 0.1
4.533462 0.435857 0.1
4.559063 0.442241 0.1
4.584743 0.448173 0.1
4.610495 0.453651 0.1
4.636311 0.458676 0.1
4.662183 0.463246 0.1
4.688103 0.467361 0.1
4.714063 0.471020 0.1
4.740054 0.474225 0.1
4.766070 0.476974 0.1
4.792102 0.479268 0.1
4.818143 0.481107 0.1
4.844184 0.482491 0.1
4.870217 0.483421 0.1
4.896236 0.483898 0.1
4.922231 0.483923 0.1
4.948195 0.483495 0.1
4.974121 0.482618 0.1
5.000000 0.481291 0.1
