738
2.964021 5.581766 0.1
3.087981 5.586046 0.1
3.211392 5.588291 0.1
3.334227 5.588518 0.1
3.456459 5.586745 0.1
3.578062 5.582990 0.1
3.699009 5.577272 0.1
3.819274 5.569611 0.1
3.938831 5.560026 0.1
4.057656 5.548535 0.1
4.175723 5.535160 0.1
4.293007 5.519919 0.1
4.409485 5.502834 0.1
4.525132 5.483925 0.1
4.639925 5.463212 0.1
4.753841 5.440717 0.1
4.866857 5.416461 0.1
4.978950 5.390465 0.1
5.090098 5.362752 0.1
5.200280 5.333343 0.1
5.309474 5.302260 0.1
5.417660 5.269526 0.1
5.524816 5.235163 0.1
5.630923 5.199195 0.1
5.735960 5.161643 0.1
5.839909 5.122532 0.1
5.942750 5.081884 0.1
6.044464 5.039724 0.1
6.145034 4.996074 0.1
6.244441 4.950959 0.1
6.342668 4.904403 0.1
6.439698 4.856430 0.1
6.535514 4.807064 0.1
6.630100 4.756331 0.1
6.723440 4.704254 0.1
6.815518 4.650858 0.1
6.906319 4.596169 0.1
6.995829 4.540211 0.1
7.084034 4.483010 0.1
7.170919 4.424591 0.1
7.256471 4.364979 0.1
7.340677 4.304200 0.1
7.423524 4.242280 0.1
7.505001 4.179244 0.1
7.585094 4.115118 0.1
7.663794 4.049928 0.1
7.741088 3.983699 0.1
7.816967 3.916459 0.1
7.891419 3.848233 0.1
7.964436 3.779048 0.1
8.036008 3.708929 0.1
8.106126 3.637902 0.1
8.174781 3.565995 0.1
8.241966 3.493234 0.1
8.307672 3.419644 0.1
8.371892 3.345253 0.1
8.434620 3.270086 0.1
8.495849 3.194171 0.1
8.555572 3.117533 0.1
8.613785 3.040199 0.1
8.670482 2.962197 0.1
8.725658 2.883551 0.1
8.779308 2.804289 0.1
8.831429 2.724437 0.1
8.882018 2.644021 0.1
8.931070 2.563068 0.1
8.978583 2.481604 0.1
9.024554 2.399656 0.1
9.068983 2.317249 0.1
9.111866 2.234410 0.1
9.153203 2.151166 0.1
9.192993 2.067541 0.1
9.231235 1.983562 0.1
9.267930 1.899256 0.1
9.303078 1.814647 0.1
9.336679 1.729762 0.1
9.368735 1.644626 0.1
9.399247 1.559265 0.1
9.428218 1.473705 0.1
9.455648 1.387970 0.1
9.481542 1.302086 0.1
9.505902 1.216078 0.1
9.528731 1.129972 0.1
9.550034 1.043791 0.1
9.569814 0.957561 0.1
9.588076 0.871307 0.1
9.604825 0.785052 0.1
9.620065 0.698822 0.1
9.633804 0.612640 0.1
9.646046 0.526530 0.1
9.656797 0.440516 0.1
9.666065 0.354622 0.1
9.673857 0.268872 0.1
9.680179 0.183288 0.1
9.685040 0.097894 0.1
9.688447 0.012713 0.1
9.690408 -0.072233 0.1
9.690933 -0.156920 0.1
9.690030 -0.241327 0.1
9.687709 -0.325432 0.1
9.683979 -0.409211 0.1
9.678850 -0.492645 0.1
9.672333 -0.575711 0.1
9.664437 -0.658387 0.1
9.655174 -0.740654 0.1
9.644555 -0.822489 0.1
9.632591 -0.903872 0.1
9.619294 -0.984784 0.1
9.604675 -1.065203 0.1
9.588748 -1.145110 0.1
9.571525 -1.224486 0.1
9.553018 -1.303310 0.1
9.533241 -1.381565 0.1
9.512206 -1.459230 0.1
9.489928 -1.536287 0.1
9.466421 -1.612718 0.1
9.441697 -1.688505 0.1
9.415773 -1.763631 0.1
9.388662 -1.838076 0.1
9.360379 -1.911826 0.1
9.330940 -1.984861 0.1
9.300358 -2.057166 0.1
9.268651 -2.128724 0.1
9.235834 -2.199520 0.1
9.201922 -2.269537 0.1
9.166931 -2.338759 0.1
9.130879 -2.407172 0.1
9.093781 -2.474761 0.1
9.055655 -2.541511 0.1
9.016516 -2.607408 0.1
8.976383 -2.672438 0.1
8.935272 -2.736586 0.1
8.893201 -2.799840 0.1
8.850187 -2.862187 0.1
8.806249 -2.923614 0.1
8.761403 -2.984108 0.1
8.715668 -3.043658 0.1
8.669063 -3.102250 0.1
8.621605 -3.159875 0.1
8.573314 -3.216521 0.1
8.524206 -3.272177 0.1
8.474302 -3.326832 0.1
8.423621 -3.380477 0.1
8.372180 -3.433101 0.1
8.319999 -3.484695 0.1
8.267097 -3.535250 0.1
8.213494 -3.584756 0.1
8.159209 -3.633206 0.1
8.104261 -3.680591 0.1
8.048669 -3.726904 0.1
7.992454 -3.772136 0.1
7.935634 -3.816280 0.1
7.878230 -3.859331 0.1
7.820262 -3.901280 0.1
7.761748 -3.942122 0.1
7.702710 -3.981852 0.1
7.643166 -4.020463 0.1
7.583137 -4.057950 0.1
7.522643 -4.094308 0.1
7.461704 -4.129534 0.1
7.400340 -4.163622 0.1
7.338570 -4.196570 0.1
7.276415 -4.228372 0.1
7.213896 -4.259027 0.1
7.151031 -4.288530 0.1
7.087841 -4.316881 0.1
7.024346 -4.344076 0.1
6.960566 -4.370114 0.1
6.896521 -4.394993 0.1
6.832232 -4.418711 0.1
6.767717 -4.441269 0.1
6.702997 -4.462665 0.1
6.638092 -4.482899 0.1
6.573021 -4.501972 0.1
6.507804 -4.519883 0.1
6.442462 -4.536633 0.1
6.377013 -4.552224 0.1
6.311478 -4.566656 0.1
6.245875 -4.579932 0.1
6.180224 -4.592053 0.1
6.114545 -4.603022 0.1
6.048857 -4.612841 0.1
5.983179 -4.621513 0.1
5.917529 -4.629041 0.1
5.851928 -4.635429 0.1
5.786394 -4.640681 0.1
5.720945 -4.644801 0.1
5.655601 -4.647793 0.1
5.590380 -4.649661 0.1
5.525300 -4.650412 0.1
5.460379 -4.650049 0.1
5.395637 -4.648579 0.1
5.331090 -4.646008 0.1
5.266757 -4.642341 0.1
5.202655 -4.637585 0.1
5.138802 -4.631747 0.1
5.075216 -4.624834 0.1
5.011914 -4.616852 0.1
4.948913 -4.607810 0.1
4.886229 -4.597715 0.1
4.823880 -4.586575 0.1
4.761883 -4.574398 0.1
4.700253 -4.561193 0.1
4.639007 -4.546969 0.1
4.578162 -4.531734 0.1
4.517732 -4.515498 0.1
4.457735 -4.498270 0.1
4.398184 -4.480060 0.1
4.339097 -4.460879 0.1
4.280487 -4.440735 0.1
4.222370 -4.419640 0.1
4.164760 -4.397604 0.1
4.107672 -4.374639 0.1
4.051121 -4.350754 0.1
3.995119 -4.325962 0.1
3.939682 -4.300273 0.1
3.884823 -4.273700 0.1
3.830555 -4.246254 0.1
3.776892 -4.217948 0.1
3.723846 -4.188793 0.1
3.671431 -4.158803 0.1
3.619658 -4.127989 0.1
3.568540 -4.096364 0.1
3.518089 -4.063943 0.1
3.468317 -4.030736 0.1
3.419235 -3.996759 0.1
3.370855 -3.962024 0.1
3.323188 -3.926545 0.1
3.276244 -3.890336 0.1
3.230034 -3.853410 0.1
3.184569 -3.815782 0.1
3.139858 -3.777466 0.1
3.095911 -3.738476 0.1
3.052738 -3.698827 0.1
3.010348 -3.658533 0.1
2.968750 -3.617609 0.1
2.927952 -3.576070 0.1
2.887964 -3.533931 0.1
2.848793 -3.491206 0.1
2.810448 -3.447912 0.1
2.772936 -3.404062 0.1
2.736264 -3.359673 0.1
2.700440 -3.314760 0.1
2.665470 -3.269339 0.1
2.631361 -3.223424 0.1
2.598120 -3.177032 0.1
2.565752 -3.130178 0.1
2.534263 -3.082878 0.1
2.503659 -3.035149 0.1
2.473945 -2.987005 0.1
2.445126 -2.938464 0.1
2.417206 -2.889540 0.1
2.390190 -2.840250 0.1
2.364083 -2.790610 0.1
2.338887 -2.740636 0.1
2.314606 -2.690345 0.1
2.291245 -2.639752 0.1
2.268805 -2.588874 0.1
2.247290 -2.537727 0.1
2.226702 -2.486327 0.1
2.207043 -2.434691 0.1
2.188315 -2.382834 0.1
2.170520 -2.330773 0.1
2.153659 -2.278524 0.1
2.137733 -2.226103 0.1
2.122744 -2.173527 0.1
2.108691 -2.120811 0.1
2.095574 -2.067972 0.1
2.083395 -2.015026 0.1
2.072153 -1.961989 0.1
2.061846 -1.908878 0.1
2.052475 -1.855707 0.1
2.044038 -1.802493 0.1
2.036534 -1.749252 0.1
2.029962 -1.696000 0.1
2.024319 -1.642753 0.1
2.019603 -1.589526 0.1
2.015812 -1.536334 0.1
2.012944 -1.483195 0.1
2.010996 -1.430122 0.1
2.009964 -1.377132 0.1
2.009845 -1.324240 0.1
2.010636 -1.271461 0.1
2.012332 -1.218810 0.1
2.014930 -1.166303 0.1
2.018425 -1.113953 0.1
2.022813 -1.061778 0.1
2.028088 -1.009790 0.1
2.034245 -0.958004 0.1
2.041281 -0.906436 0.1
2.049187 -0.855100 0.1
2.057960 -0.804009 0.1
2.067593 -0.753178 0.1
2.078080 -0.702622 0.1
2.089414 -0.652353 0.1
2.101588 -0.602386 0.1
2.114597 -0.552735 0.1
2.128432 -0.503413 0.1
2.143086 -0.454432 0.1
2.158552 -0.405807 0.1
2.174823 -0.357551 0.1
2.191889 -0.309676 0.1
2.209744 -0.262195 0.1
2.228378 -0.215121 0.1
2.247783 -0.168466 0.1
2.267951 -0.122243 0.1
2.288873 -0.076462 0.1
2.310539 -0.031137 0.1
2.332941 0.013721 0.1
2.356068 0.058101 0.1
2.379911 0.101990 0.1
2.404461 0.145379 0.1
2.429707 0.188255 0.1
2.455640 0.230609 0.1
2.482248 0.272429 0.1
2.509523 0.313706 0.1
2.537452 0.354428 0.1
2.566025 0.394586 0.1
2.595232 0.434170 0.1
2.625061 0.473171 0.1
2.655501 0.511579 0.1
2.686542 0.549384 0.1
2.718170 0.586579 0.1
2.750375 0.623153 0.1
2.783146 0.659099 0.1
2.816469 0.694408 0.1
2.850334 0.729072 0.1
2.884728 0.763083 0.1
2.919640 0.796433 0.1
2.955056 0.829115 0.1
2.990964 0.861121 0.1
3.027353 0.892445 0.1
3.064209 0.923080 0.1
3.101520 0.953018 0.1
3.139272 0.982255 0.1
3.177454 1.010782 0.1
3.216052 1.038596 0.1
3.255054 1.065689 0.1
3.294445 1.092056 0.1
3.334214 1.117693 0.1
3.374347 1.142594 0.1
3.414830 1.166754 0.1
3.455650 1.190169 0.1
3.496795 1.212835 0.1
3.538250 1.234747 0.1
3.580002 1.255902 0.1
3.622038 1.276295 0.1
3.664344 1.295924 0.1
3.706907 1.314786 0.1
3.749713 1.332878 0.1
3.792748 1.350196 0.1
3.835998 1.366738 0.1
3.879451 1.382503 0.1
3.923092 1.397489 0.1
3.966909 1.411693 0.1
4.010886 1.425113 0.1
4.055010 1.437750 0.1
4.099269 1.449601 0.1
4.143648 1.460667 0.1
4.188133 1.470946 0.1
4.232711 1.480437 0.1
4.277368 1.489142 0.1
4.322091 1.497060 0.1
4.366866 1.504191 0.1
4.411680 1.510536 0.1
4.456519 1.516096 0.1
4.501369 1.520872 0.1
4.546218 1.524865 0.1
4.591051 1.528077 0.1
4.635856 1.530508 0.1
4.680619 1.532162 0.1
4.725328 1.533041 0.1
4.769968 1.533146 0.1
4.814527 1.532480 0.1
4.858992 1.531047 0.1
4.903349 1.528849 0.1
4.947587 1.525889 0.1
4.991692 1.522171 0.1
5.035651 1.517698 0.1
5.079452 1.512475 0.1
5.123083 1.506505 0.1
5.166530 1.499793 0.1
5.209781 1.492343 0.1
5.252825 1.484160 0.1
5.295649 1.475249 0.1
5.338241 1.465615 0.1
5.380589 1.455263 0.1
5.422681 1.444198 0.1
5.464506 1.432427 0.1
5.506051 1.419954 0.1
5.547306 1.406787 0.1
5.588259 1.392931 0.1
5.628899 1.378393 0.1
5.669214 1.363179 0.1
5.709194 1.347296 0.1
5.748828 1.330751 0.1
5.788105 1.313552 0.1
5.827014 1.295704 0.1
5.865546 1.277217 0.1
5.903689 1.258097 0.1
5.941434 1.238352 0.1
5.978771 1.217990 0.1
6.015690 1.197020 0.1
6.052181 1.175448 0.1
6.088234 1.153285 0.1
6.123841 1.130538 0.1
6.158991 1.107216 0.1
6.193677 1.083328 0.1
6.227889 1.058882 0.1
6.261618 1.033888 0.1
6.294856 1.008356 0.1
6.327594 0.982294 0.1
6.359825 0.955711 0.1
6.391540 0.928619 0.1
6.422732 0.901025 0.1
6.453392 0.872941 0.1
6.483513 0.844375 0.1
6.513088 0.815339 0.1
6.542110 0.785842 0.1
6.570572 0.755894 0.1
6.598467 0.725507 0.1
6.625788 0.694689 0.1
6.652530 0.663453 0.1
6.678686 0.631808 0.1
6.704249 0.599766 0.1
6.729214 0.567336 0.1
6.753577 0.534531 0.1
6.777330 0.501361 0.1
6.800469 0.467837 0.1
6.822989 0.433970 0.1
6.844885 0.399772 0.1
6.866152 0.365253 0.1
6.886786 0.330426 0.1
6.906783 0.295301 0.1
6.926139 0.259889 0.1
6.944849 0.224203 0.1
6.962911 0.188254 0.1
6.980321 0.152053 0.1
6.997075 0.115612 0.1
7.013171 0.078943 0.1
7.028606 0.042057 0.1
7.043376 0.004967 0.1
7.057481 -0.032317 0.1
7.070917 -0.069783 0.1
7.083682 -0.107418 0.1
7.095775 -0.145211 0.1
7.107195 -0.183150 0.1
7.117939 -0.221223 0.1
7.128006 -0.259419 0.1
7.137397 -0.297725 0.1
7.146109 -0.336131 0.1
7.154142 -0.374623 0.1
7.161496 -0.413191 0.1
7.168170 -0.451822 0.1
7.174166 -0.490505 0.1
7.179482 -0.529228 0.1
7.184119 -0.567979 0.1
7.188079 -0.606747 0.1
7.191361 -0.645519 0.1
7.193967 -0.684285 0.1
7.195898 -0.723032 0.1
7.197155 -0.761750 0.1
7.197740 -0.800426 0.1
7.197656 -0.839049 0.1
7.196903 -0.877607 0.1
7.195483 -0.916090 0.1
7.193401 -0.954486 0.1
7.190657 -0.992784 0.1
7.187255 -1.030972 0.1
7.183198 -1.069039 0.1
7.178488 -1.106975 0.1
7.173129 -1.144768 0.1
7.167125 -1.182408 0.1
7.160479 -1.219883 0.1
7.153195 -1.257182 0.1
7.145278 -1.294296 0.1
7.136730 -1.331214 0.1
7.127557 -1.367924 0.1
7.117764 -1.404417 0.1
7.107354 -1.440682 0.1
7.096333 -1.476709 0.1
7.084707 -1.512488 0.1
7.072479 -1.548009 0.1
7.059656 -1.583261 0.1
7.046242 -1.618236 0.1
7.032245 -1.652923 0.1
7.017669 -1.687313 0.1
7.002521 -1.721397 0.1
6.986807 -1.755164 0.1
6.970532 -1.788606 0.1
6.953705 -1.821714 0.1
6.936330 -1.854478 0.1
6.918416 -1.886890 0.1
6.899968 -1.918941 0.1
6.880994 -1.950623 0.1
6.861502 -1.981926 0.1
6.841498 -2.012843 0.1
6.820989 -2.043366 0.1
6.799984 -2.073486 0.1
6.778490 -2.103195 0.1
6.756515 -2.132486 0.1
6.734067 -2.161351 0.1
6.711154 -2.189782 0.1
6.687784 -2.217772 0.1
6.663965 -2.245315 0.1
6.639706 -2.272402 0.1
6.615015 -2.299028 0.1
6.589901 -2.325185 0.1
6.564372 -2.350867 0.1
6.538438 -2.376067 0.1
6.512108 -2.400779 0.1
6.485389 -2.424998 0.1
6.458292 -2.448716 0.1
6.430826 -2.471929 0.1
6.402999 -2.494631 0.1
6.374822 -2.516816 0.1
6.346303 -2.538479 0.1
6.317452 -2.559616 0.1
6.288279 -2.580220 0.1
6.258793 -2.600288 0.1
6.229004 -2.619815 0.1
6.198922 -2.638795 0.1
6.168557 -2.657227 0.1
6.137918 -2.675104 0.1
6.107016 -2.692423 0.1
6.075860 -2.709181 0.1
6.044460 -2.725374 0.1
6.012827 -2.740999 0.1
5.980971 -2.756052 0.1
5.948902 -2.770531 0.1
5.916630 -2.784432 0.1
5.884165 -2.797753 0.1
5.851518 -2.810492 0.1
5.818699 -2.822646 0.1
5.785718 -2.834214 0.1
5.752586 -2.845192 0.1
5.719313 -2.855581 0.1
5.685909 -2.865377 0.1
5.652384 -2.874580 0.1
5.618750 -2.883188 0.1
5.585017 -2.891201 0.1
5.551194 -2.898617 0.1
5.517293 -2.905436 0.1
5.483324 -2.911658 0.1
5.449297 -2.917281 0.1
5.415222 -2.922307 0.1
5.381110 -2.926735 0.1
5.346972 -2.930565 0.1
5.312817 -2.933797 0.1
5.278656 -2.936433 0.1
5.244499 -2.938473 0.1
5.210357 -2.939918 0.1
5.176239 -2.940770 0.1
5.142156 -2.941028 0.1
5.108119 -2.940695 0.1
5.074137 -2.939773 0.1
5.040220 -2.938263 0.1
5.006378 -2.936168 0.1
4.972621 -2.933488 0.1
4.938960 -2.930228 0.1
4.905404 -2.926388 0.1
4.871963 -2.921973 0.1
4.838647 -2.916984 0.1
4.805465 -2.911424 0.1
4.772427 -2.905298 0.1
4.739543 -2.898607 0.1
4.706822 -2.891356 0.1
4.674273 -2.883548 0.1
4.641907 -2.875187 0.1
4.609732 -2.866276 0.1
4.577757 -2.856821 0.1
4.545991 -2.846824 0.1
4.514445 -2.836291 0.1
4.483125 -2.825226 0.1
4.452043 -2.813634 0.1
4.421205 -2.801519 0.1
4.390621 -2.788887 0.1
4.360299 -2.775742 0.1
4.330248 -2.762090 0.1
4.300477 -2.747936 0.1
4.270993 -2.733286 0.1
4.241804 -2.718145 0.1
4.212919 -2.702520 0.1
4.184346 -2.686415 0.1
4.156092 -2.669838 0.1
4.128165 -2.652794 0.1
4.100573 -2.635289 0.1
4.073324 -2.617331 0.1
4.046424 -2.598925 0.1
4.019880 -2.580078 0.1
3.993701 -2.560797 0.1
3.967892 -2.541089 0.1
3.942461 -2.520961 0.1
3.917415 -2.500419 0.1
3.892759 -2.479472 0.1
3.868502 -2.458127 0.1
3.844648 -2.436390 0.1
3.821204 -2.414269 0.1
3.798176 -2.391773 0.1
3.775571 -2.368908 0.1
3.753393 -2.345683 0.1
3.731648 -2.322105 0.1
3.710343 -2.298182 0.1
3.689481 -2.273922 0.1
3.669070 -2.249334 0.1
3.649112 -2.224426 0.1
3.629615 -2.199206 0.1
3.610581 -2.173682 0.1
3.592016 -2.147863 0.1
3.573925 -2.121756 0.1
3.556311 -2.095372 0.1
3.539179 -2.068718 0.1
3.522532 -2.041804 0.1
3.506376 -2.014637 0.1
3.490712 -1.987227 0.1
3.475545 -1.959582 0.1
3.460879 -1.931711 0.1
3.446716 -1.903624 0.1
3.433059 -1.875329 0.1
3.419912 -1.846836 0.1
3.407277 -1.818153 0.1
3.395156 -1.789289 0.1
3.383553 -1.760254 0.1
3.372469 -1.731057 0.1
3.361907 -1.701706 0.1
3.351868 -1.672212 0.1
3.342354 -1.642584 0.1
3.333367 -1.612829 0.1
3.324909 -1.582959 0.1
3.316980 -1.552982 0.1
3.309582 -1.522908 0.1
3.302715 -1.492745 0.1
3.296382 -1.462503 0.1
3.290581 -1.432192 0.1
3.285314 -1.401820 0.1
3.280581 -1.371398 0.1
3.276383 -1.340933 0.1
3.272718 -1.310436 0.1
3.269588 -1.279916 0.1
3.266992 -1.249383 0.1
3.264928 -1.218844 0.1
3.263398 -1.188310 0.1
3.262399 -1.157790 0.1
3.261932 -1.127292 0.1
3.261994 -1.096827 0.1
3.262585 -1.066403 0.1
3.263704 -1.036029 0.1
3.265348 -1.005714 0.1
3.267516 -0.975468 0.1
3.270206 -0.945299 0.1
3.273416 -0.915216 0.1
3.277144 -0.885228 0.1
3.281388 -0.855344 0.1
3.286145 -0.825572 0.1
3.291412 -0.795923 0.1
3.297188 -0.766403 0.1
3.303468 -0.737021 0.1
3.310250 -0.707787 0.1
3.317530 -0.678709 0.1
3.325306 -0.649795 0.1
3.333574 -0.621053 0.1
3.342330 -0.592492 0.1
3.351570 -0.564119 0.1
3.361291 -0.535944 0.1
3.371489 -0.507974 0.1
3.382159 -0.480217 0.1
3.393297 -0.452681 0.1
3.404899 -0.425374 0.1
3.416959 -0.398303 0.1
3.429475 -0.371476 0.1
3.442440 -0.344902 0.1
3.455849 -0.318586 0.1
3.469699 -0.292536 0.1
3.483983 -0.266761 0.1
3.498696 -0.241266 0.1
3.513833 -0.216059 0.1
3.529388 -0.191148 0.1
3.545356 -0.166538 0.1
3.561731 -0.142236 0.1
3.578507 -0.118250 0.1
3.595679 -0.094586 0.1
3.613239 -0.071249 0.1
3.631182 -0.048247 0.1
3.649502 -0.025586 0.1
3.668192 -0.003272 0.1
3.687246 0.018690 0.1
3.706657 0.040293 0.1
3.726419 0.061532 0.1
3.746525 0.082401 0.1
3.766968 0.102895 0.1
3.787741 0.123007 0.1
3.808837 0.142734 0.1
3.830249 0.162070 0.1
3.851970 0.181010 0.1
3.873992 0.199549 0.1
3.896310 0.217682 0.1
3.918914 0.235405 0.1
3.941797 0.252714 0.1
3.964953 0.269603 0.1
3.988373 0.286069 0.1
4.012050 0.302108 0.1
4.035975 0.317716 0.1
4.060142 0.332889 0.1
4.084543 0.347624 0.1
4.109169 0.361916 0.1
4.134013 0.375763 0.1
4.159067 0.389162 0.1
4.184322 0.402109 0.1
4.209771 0.414601 0.1
4.235406 0.426636 0.1
4.261218 0.438211 0.1
4.287199 0.449323 0.1
4.313341 0.459970 0.1
4.339636 0.470150 0.1
4.366075 0.479861 0.1
4.392651 0.489101 0.1
4.419354 0.497868 0.1
4.446177 0.506161 0.1
4.473111 0.513977 0.1
4.500148 0.521316 0.1
4.527279 0.528177 0.1
4.554497 0.534558 0.1
4.581792 0.540458 0.1
4.609156 0.545877 0.1
4.636581 0.550814 0.1
4.664059 0.555269 0.1
4.691581 0.559241 0.1
4.719138 0.562731 0.1
4.746722 0.565737 0.1
4.774325 0.568261 0.1
4.801938 0.570302 0.1
4.829554 0.571861 0.1
4.857163 0.572938 0.1
4.884758 0.573534 0.1
4.912330 0.573651 0.1
4.939870 0.573288 0.1
4.967371 0.572447 0.1
4.994825 0.571130 0.1
