721
5.000000 6.021400 0.1
5.104642 5.994963 0.1
5.208370 5.966931 0.1
5.311162 5.937324 0.1
5.412999 5.906164 0.1
5.513862 5.873473 0.1
5.613732 5.839271 0.1
5.712590 5.803581 0.1
5.810418 5.766423 0.1
5.907198 5.727822 0.1
6.002912 5.687798 0.1
6.097544 5.646373 0.1
6.191076 5.603572 0.1
6.283492 5.559415 0.1
6.374776 5.513927 0.1
6.464913 5.467130 0.1
6.553887 5.419048 0.1
6.641683 5.369703 0.1
6.728286 5.319118 0.1
6.813683 5.267319 0.1
6.897860 5.214328 0.1
6.980803 5.160168 0.1
7.062499 5.104865 0.1
7.142936 5.048442 0.1
7.222102 4.990922 0.1
7.299984 4.932331 0.1
7.376571 4.872692 0.1
7.451852 4.812030 0.1
7.525816 4.750369 0.1
7.598453 4.687734 0.1
7.669754 4.624149 0.1
7.739708 4.559639 0.1
7.808306 4.494229 0.1
7.875540 4.427944 0.1
7.941402 4.360807 0.1
8.005882 4.292845 0.1
8.068975 4.224081 0.1
8.130672 4.154541 0.1
8.190966 4.084251 0.1
8.249852 4.013233 0.1
8.307323 3.941515 0.1
8.363374 3.869120 0.1
8.417999 3.796073 0.1
8.471194 3.722400 0.1
8.522954 3.648126 0.1
8.573274 3.573274 0.1
8.622152 3.497872 0.1
8.669584 3.421942 0.1
8.715566 3.345511 0.1
8.760097 3.268602 0.1
8.803173 3.191241 0.1
8.844794 3.113453 0.1
8.884958 3.035262 0.1
8.923664 2.956693 0.1
8.960910 2.877770 0.1
8.996697 2.798518 0.1
9.031025 2.718961 0.1
9.063894 2.639124 0.1
9.095305 2.559031 0.1
9.125259 2.478706 0.1
9.153757 2.398173 0.1
9.180802 2.317457 0.1
9.206396 2.236580 0.1
9.230540 2.155568 0.1
9.253239 2.074443 0.1
9.274495 1.993230 0.1
9.294312 1.911951 0.1
9.312694 1.830630 0.1
9.329646 1.749290 0.1
9.345171 1.667955 0.1
9.359275 1.586646 0.1
9.371964 1.505388 0.1
9.383242 1.424202 0.1
9.393116 1.343110 0.1
9.401593 1.262136 0.1
9.408678 1.181302 0.1
9.414379 1.100628 0.1
9.418703 1.020138 0.1
9.421658 0.939852 0.1
9.423252 0.859793 0.1
9.423492 0.779981 0.1
9.422388 0.700437 0.1
9.419947 0.621183 0.1
9.416180 0.542239 0.1
9.411096 0.463625 0.1
9.404704 0.385362 0.1
9.397014 0.307469 0.1
9.388037 0.229967 0.1
9.377783 0.152876 0.1
9.366263 0.076213 0.1
9.353487 0.000000 0.1
9.339468 -0.075746 0.1
9.324218 -0.151005 0.1
9.307747 -0.225759 0.1
9.290067 -0.299991 0.1
9.271193 -0.373681 0.1
9.251135 -0.446812 0.1
9.229907 -0.519367 0.1
9.207522 -0.591329 0.1
9.183993 -0.662679 0.1
9.159334 -0.733403 0.1
9.133559 -0.803482 0.1
9.106681 -0.872902 0.1
9.078715 -0.941646 0.1
9.049676 -1.009698 0.1
9.019577 -1.077042 0.1
8.988434 -1.143665 0.1
8.956262 -1.209551 0.1
8.923076 -1.274685 0.1
8.888891 -1.339053 0.1
8.853724 -1.402641 0.1
8.817589 -1.465435 0.1
8.780503 -1.527423 0.1
8.742482 -1.588590 0.1
8.703543 -1.648923 0.1
8.663701 -1.708412 0.1
8.622973 -1.767042 0.1
8.581376 -1.824802 0.1
8.538927 -1.881681 0.1
8.495643 -1.937667 0.1
8.451541 -1.992748 0.1
8.406639 -2.046915 0.1
8.360953 -2.100157 0.1
8.314502 -2.152463 0.1
8.267303 -2.203823 0.1
8.219373 -2.254229 0.1
8.170731 -2.303671 0.1
8.121395 -2.352140 0.1
8.071383 -2.399627 0.1
8.020712 -2.446125 0.1
7.969402 -2.491624 0.1
7.917470 -2.536118 0.1
7.864934 -2.579599 0.1
7.811814 -2.622059 0.1
7.758128 -2.663493 0.1
7.703894 -2.703894 0.1
7.649132 -2.743256 0.1
7.593859 -2.781573 0.1
7.538094 -2.818839 0.1
7.481857 -2.855049 0.1
7.425165 -2.890199 0.1
7.368039 -2.924284 0.1
7.310496 -2.957300 0.1
7.252556 -2.989242 0.1
7.194237 -3.020108 0.1
7.135558 -3.049894 0.1
7.076539 -3.078596 0.1
7.017198 -3.106213 0.1
6.957555 -3.132742 0.1
6.897627 -3.158182 0.1
6.837434 -3.182529 0.1
6.776995 -3.205783 0.1
6.716328 -3.227943 0.1
6.655453 -3.249009 0.1
6.594387 -3.268978 0.1
6.533151 -3.287852 0.1
6.471762 -3.305631 0.1
6.410239 -3.322314 0.1
6.348601 -3.337903 0.1
6.286865 -3.352399 0.1
6.225052 -3.365803 0.1
6.163179 -3.378116 0.1
6.101264 -3.389341 0.1
6.039325 -3.399480 0.1
5.977382 -3.408535 0.1
5.915451 -3.416509 0.1
5.853551 -3.423405 0.1
5.791699 -3.429227 0.1
5.729914 -3.433977 0.1
5.668214 -3.437661 0.1
5.606615 -3.440282 0.1
5.545135 -3.441845 0.1
5.483791 -3.442354 0.1
5.422602 -3.441814 0.1
5.361583 -3.440232 0.1
5.300752 -3.437612 0.1
5.240126 -3.433960 0.1
5.179721 -3.429282 0.1
5.119554 -3.423585 0.1
5.059642 -3.416875 0.1
5.000000 -3.409159 0.1
4.940645 -3.400444 0.1
4.881593 -3.390738 0.1
4.822859 -3.380048 0.1
4.764460 -3.368381 0.1
4.706410 -3.355747 0.1
4.648726 -3.342153 0.1
4.591421 -3.327607 0.1
4.534512 -3.312120 0.1
4.478013 -3.295698 0.1
4.421938 -3.278353 0.1
4.366302 -3.260093 0.1
4.311120 -3.240927 0.1
4.256404 -3.220867 0.1
4.202170 -3.199920 0.1
4.148431 -3.178099 0.1
4.095200 -3.155414 0.1
4.042490 -3.131874 0.1
3.990315 -3.107492 0.1
3.938687 -3.082277 0.1
3.887619 -3.056242 0.1
3.837123 -3.029397 0.1
3.787212 -3.001754 0.1
3.737898 -2.973326 0.1
3.689192 -2.944123 0.1
3.641106 -2.914159 0.1
3.593650 -2.883444 0.1
3.546837 -2.851992 0.1
3.500677 -2.819816 0.1
3.455181 -2.786927 0.1
3.410359 -2.753340 0.1
3.366220 -2.719066 0.1
3.322776 -2.684119 0.1
3.280036 -2.648512 0.1
3.238009 -2.612259 0.1
3.196704 -2.575374 0.1
3.156130 -2.537869 0.1
3.116297 -2.499758 0.1
3.077212 -2.461057 0.1
3.038883 -2.421777 0.1
3.001319 -2.381935 0.1
2.964528 -2.341543 0.1
2.928516 -2.300616 0.1
2.893291 -2.259169 0.1
2.858859 -2.217216 0.1
2.825229 -2.174771 0.1
2.792405 -2.131850 0.1
2.760394 -2.088466 0.1
2.729203 -2.044635 0.1
2.698836 -2.000371 0.1
2.669299 -1.955690 0.1
2.640598 -1.910606 0.1
2.612736 -1.865135 0.1
2.585719 -1.819291 0.1
2.559552 -1.773090 0.1
2.534237 -1.726546 0.1
2.509780 -1.679675 0.1
2.486183 -1.632492 0.1
2.463450 -1.585013 0.1
2.441584 -1.537252 0.1
2.420587 -1.489225 0.1
2.400463 -1.440947 0.1
2.381214 -1.392433 0.1
2.362841 -1.343700 0.1
2.345347 -1.294761 0.1
2.328732 -1.245633 0.1
2.312999 -1.196330 0.1
2.298147 -1.146868 0.1
2.284179 -1.097263 0.1
2.271093 -1.047529 0.1
2.258891 -0.997682 0.1
2.247573 -0.947737 0.1
2.237138 -0.897708 0.1
2.227585 -0.847612 0.1
2.218915 -0.797463 0.1
2.211125 -0.747277 0.1
2.204215 -0.697068 0.1
2.198182 -0.646851 0.1
2.193026 -0.596641 0.1
2.188744 -0.546453 0.1
2.185334 -0.496302 0.1
2.182794 -0.446202 0.1
2.181120 -0.396168 0.1
2.180309 -0.346214 0.1
2.180359 -0.296356 0.1
2.181266 -0.246607 0.1
2.183027 -0.196982 0.1
2.185636 -0.147495 0.1
2.189091 -0.098159 0.1
2.193387 -0.048990 0.1
2.198519 -0.000000 0.1
2.204482 0.048796 0.1
2.211272 0.097385 0.1
2.218883 0.145752 0.1
2.227309 0.193885 0.1
2.236545 0.241771 0.1
2.246585 0.289396 0.1
2.257423 0.336746 0.1
2.269053 0.383810 0.1
2.281467 0.430573 0.1
2.294660 0.477024 0.1
2.308624 0.523150 0.1
2.323353 0.568939 0.1
2.338838 0.614378 0.1
2.355072 0.659455 0.1
2.372049 0.704157 0.1
2.389759 0.748475 0.1
2.408194 0.792394 0.1
2.427348 0.835905 0.1
2.447210 0.878996 0.1
2.467773 0.921655 0.1
2.489027 0.963872 0.1
2.510964 1.005636 0.1
2.533575 1.046935 0.1
2.556850 1.087760 0.1
2.580780 1.128101 0.1
2.605356 1.167946 0.1
2.630567 1.207287 0.1
2.656404 1.246112 0.1
2.682856 1.284414 0.1
2.709915 1.322181 0.1
2.737568 1.359406 0.1
2.765807 1.396079 0.1
2.794619 1.432191 0.1
2.823996 1.467733 0.1
2.853925 1.502698 0.1
2.884396 1.537076 0.1
2.915397 1.570861 0.1
2.946919 1.604043 0.1
2.978949 1.636615 0.1
3.011475 1.668570 0.1
3.044487 1.699901 0.1
3.077973 1.730601 0.1
3.111921 1.760662 0.1
3.146320 1.790078 0.1
3.181157 1.818843 0.1
3.216421 1.846951 0.1
3.252099 1.874395 0.1
3.288179 1.901170 0.1
3.324650 1.927270 0.1
3.361499 1.952690 0.1
3.398713 1.977425 0.1
3.436281 2.001470 0.1
3.474189 2.024820 0.1
3.512426 2.047470 0.1
3.550978 2.069418 0.1
3.589834 2.090658 0.1
3.628980 2.111186 0.1
3.668404 2.131000 0.1
3.708092 2.150095 0.1
3.748034 2.168469 0.1
3.788214 2.186119 0.1
3.828622 2.203042 0.1
3.869243 2.219235 0.1
3.910066 2.234696 0.1
3.951076 2.249424 0.1
3.992262 2.263416 0.1
4.033610 2.276671 0.1
4.075108 2.289188 0.1
4.116743 2.300964 0.1
4.158501 2.312000 0.1
4.200370 2.322295 0.1
4.242337 2.331848 0.1
4.284389 2.340658 0.1
4.326513 2.348727 0.1
4.368697 2.356053 0.1
4.410928 2.362638 0.1
4.453193 2.368482 0.1
4.495479 2.373585 0.1
4.537773 2.377949 0.1
4.580064 2.381576 0.1
4.622338 2.384465 0.1
4.664582 2.386620 0.1
4.706785 2.388041 0.1
4.748934 2.388732 0.1
4.791016 2.388694 0.1
4.833020 2.387929 0.1
4.874932 2.386441 0.1
4.916741 2.384232 0.1
4.958434 2.381306 0.1
5.000000 2.377665 0.1
5.041426 2.373314 0.1
5.082701 2.368255 0.1
5.123813 2.362493 0.1
5.164750 2.356032 0.1
5.205500 2.348876 0.1
5.246052 2.341030 0.1
5.286395 2.332497 0.1
5.326516 2.323284 0.1
5.366406 2.313395 0.1
5.406052 2.302834 0.1
5.445444 2.291609 0.1
5.484570 2.279723 0.1
5.523421 2.267184 0.1
5.561984 2.253996 0.1
5.600250 2.240165 0.1
5.638209 2.225699 0.1
5.675849 2.210603 0.1
5.713161 2.194885 0.1
5.750135 2.178549 0.1
5.786760 2.161605 0.1
5.823027 2.144058 0.1
5.858926 2.125916 0.1
5.894448 2.107186 0.1
5.929582 2.087876 0.1
5.964321 2.067993 0.1
5.998655 2.047546 0.1
6.032574 2.026541 0.1
6.066071 2.004988 0.1
6.099136 1.982894 0.1
6.131761 1.960267 0.1
6.163937 1.937117 0.1
6.195657 1.913451 0.1
6.226912 1.889279 0.1
6.257695 1.864609 0.1
6.287997 1.839451 0.1
6.317812 1.813812 0.1
6.347131 1.787704 0.1
6.375948 1.761134 0.1
6.404256 1.734112 0.1
6.432048 1.706648 0.1
6.459316 1.678751 0.1
6.486055 1.650432 0.1
6.512259 1.621699 0.1
6.537920 1.592563 0.1
6.563033 1.563033 0.1
6.587593 1.533121 0.1
6.611593 1.502835 0.1
6.635029 1.472187 0.1
6.657894 1.441186 0.1
6.680185 1.409842 0.1
6.701895 1.378167 0.1
6.723020 1.346171 0.1
6.743557 1.313864 0.1
6.763499 1.281257 0.1
6.782845 1.248361 0.1
6.801588 1.215186 0.1
6.819726 1.181744 0.1
6.837255 1.148044 0.1
6.854171 1.114098 0.1
6.870472 1.079917 0.1
6.886154 1.045512 0.1
6.901215 1.010894 0.1
6.915652 0.976073 0.1
6.929462 0.941062 0.1
6.942644 0.905870 0.1
6.955195 0.870509 0.1
6.967113 0.834990 0.1
6.978397 0.799324 0.1
6.989046 0.763523 0.1
6.999057 0.727597 0.1
7.008430 0.691558 0.1
7.017164 0.655416 0.1
7.025259 0.619184 0.1
7.032713 0.582871 0.1
7.039527 0.546490 0.1
7.045701 0.510050 0.1
7.051233 0.473565 0.1
7.056126 0.437043 0.1
7.060378 0.400497 0.1
7.063991 0.363937 0.1
7.066966 0.327375 0.1
7.069303 0.290822 0.1
7.071004 0.254287 0.1
7.072070 0.217783 0.1
7.072502 0.181320 0.1
7.072303 0.144910 0.1
7.071475 0.108561 0.1
7.070018 0.072287 0.1
7.067936 0.036096 0.1
7.065232 0.000000 0.1
7.061907 -0.035991 0.1
7.057964 -0.071866 0.1
7.053407 -0.107615 0.1
7.048239 -0.143227 0.1
7.042462 -0.178692 0.1
7.036081 -0.214001 0.1
7.029100 -0.249142 0.1
7.021521 -0.284106 0.1
7.013349 -0.318883 0.1
7.004588 -0.353463 0.1
6.995243 -0.387836 0.1
6.985318 -0.421992 0.1
6.974817 -0.455922 0.1
6.963745 -0.489617 0.1
6.952108 -0.523066 0.1
6.939910 -0.556260 0.1
6.927157 -0.589191 0.1
6.913854 -0.621849 0.1
6.900007 -0.654225 0.1
6.885621 -0.686310 0.1
6.870702 -0.718095 0.1
6.855257 -0.749572 0.1
6.839291 -0.780733 0.1
6.822810 -0.811567 0.1
6.805821 -0.842068 0.1
6.788331 -0.872227 0.1
6.770346 -0.902036 0.1
6.751873 -0.931487 0.1
6.732918 -0.960572 0.1
6.713490 -0.989284 0.1
6.693595 -1.017614 0.1
6.673240 -1.045556 0.1
6.652433 -1.073102 0.1
6.631181 -1.100245 0.1
6.609491 -1.126978 0.1
6.587373 -1.153294 0.1
6.564833 -1.179186 0.1
6.541879 -1.204648 0.1
6.518519 -1.229673 0.1
6.494763 -1.254255 0.1
6.470617 -1.278387 0.1
6.446089 -1.302065 0.1
6.421190 -1.325281 0.1
6.395926 -1.348031 0.1
6.370308 -1.370308 0.1
6.344342 -1.392107 0.1
6.318038 -1.413423 0.1
6.291405 -1.434251 0.1
6.264452 -1.454586 0.1
6.237188 -1.474423 0.1
6.209621 -1.493758 0.1
6.181762 -1.512586 0.1
6.153618 -1.530903 0.1
6.125199 -1.548704 0.1
6.096516 -1.565986 0.1
6.067575 -1.582746 0.1
6.038389 -1.598978 0.1
6.008965 -1.614681 0.1
5.979313 -1.629850 0.1
5.949442 -1.644482 0.1
5.919363 -1.658575 0.1
5.889085 -1.672126 0.1
5.858618 -1.685132 0.1
5.827970 -1.697591 0.1
5.797153 -1.709499 0.1
5.766175 -1.720857 0.1
5.735046 -1.731660 0.1
5.703777 -1.741908 0.1
5.672376 -1.751599 0.1
5.640854 -1.760731 0.1
5.609220 -1.769304 0.1
5.577485 -1.777315 0.1
5.545657 -1.784765 0.1
5.513748 -1.791653 0.1
5.481766 -1.797977 0.1
5.449722 -1.803737 0.1
5.417625 -1.808934 0.1
5.385485 -1.813567 0.1
5.353313 -1.817636 0.1
5.321116 -1.821141 0.1
5.288906 -1.824083 0.1
5.256693 -1.826463 0.1
5.224485 -1.828281 0.1
5.192292 -1.829537 0.1
5.160125 -1.830234 0.1
5.127992 -1.830373 0.1
5.095904 -1.829954 0.1
5.063869 -1.828980 0.1
5.031898 -1.827451 0.1
5.000000 -1.825371 0.1
4.968184 -1.822741 0.1
4.936459 -1.819563 0.1
4.904836 -1.815840 0.1
4.873322 -1.811574 0.1
4.841928 -1.806767 0.1
4.810663 -1.801424 0.1
4.779535 -1.795545 0.1
4.748553 -1.789136 0.1
4.717727 -1.782199 0.1
4.687066 -1.774737 0.1
4.656578 -1.766755 0.1
4.626271 -1.758255 0.1
4.596156 -1.749242 0.1
4.566239 -1.739719 0.1
4.536531 -1.729692 0.1
4.507038 -1.719163 0.1
4.477770 -1.708138 0.1
4.448734 -1.696621 0.1
4.419940 -1.684617 0.1
4.391394 -1.672131 0.1
4.363105 -1.659168 0.1
4.335081 -1.645732 0.1
4.307330 -1.631829 0.1
4.279858 -1.617465 0.1
4.252675 -1.602644 0.1
4.225786 -1.587373 0.1
4.199201 -1.571657 0.1
4.172925 -1.555502 0.1
4.146966 -1.538914 0.1
4.121331 -1.521899 0.1
4.096027 -1.504463 0.1
4.071061 -1.486613 0.1
4.046439 -1.468355 0.1
4.022169 -1.449695 0.1
3.998255 -1.430640 0.1
3.974706 -1.411197 0.1
3.951526 -1.391372 0.1
3.928722 -1.371173 0.1
3.906301 -1.350606 0.1
3.884267 -1.329679 0.1
3.862626 -1.308399 0.1
3.841385 -1.286773 0.1
3.820548 -1.264808 0.1
3.800120 -1.242512 0.1
3.780108 -1.219892 0.1
3.760516 -1.196956 0.1
3.741348 -1.173712 0.1
3.722610 -1.150168 0.1
3.704305 -1.126330 0.1
3.686440 -1.102208 0.1
3.669017 -1.077809 0.1
3.652042 -1.053140 0.1
3.635517 -1.028211 0.1
3.619448 -1.003030 0.1
3.603837 -0.977604 0.1
3.588689 -0.951941 0.1
3.574006 -0.926051 0.1
3.559793 -0.899941 0.1
3.546052 -0.873620 0.1
3.532786 -0.847097 0.1
3.519998 -0.820379 0.1
3.507691 -0.793475 0.1
3.495868 -0.766394 0.1
3.484530 -0.739144 0.1
3.473680 -0.711735 0.1
3.463321 -0.684174 0.1
3.453453 -0.656470 0.1
3.444080 -0.628632 0.1
3.435202 -0.600670 0.1
3.426822 -0.572590 0.1
3.418939 -0.544403 0.1
3.411557 -0.516116 0.1
3.404675 -0.487740 0.1
3.398295 -0.459282 0.1
3.392417 -0.430751 0.1
3.387042 -0.402156 0.1
3.382170 -0.373505 0.1
3.377802 -0.344809 0.1
3.373938 -0.316074 0.1
3.370578 -0.287311 0.1
3.367721 -0.258528 0.1
3.365367 -0.229733 0.1
3.363517 -0.200935 0.1
3.362168 -0.172143 0.1
3.361321 -0.143366 0.1
3.360975 -0.114612 0.1
3.361128 -0.085890 0.1
3.361779 -0.057208 0.1
3.362927 -0.028575 0.1
3.364571 -0.000000 0.1
3.366708 0.028509 0.1
3.369338 0.056944 0.1
3.372458 0.085296 0.1
3.376065 0.113557 0.1
3.380158 0.141718 0.1
3.384735 0.169771 0.1
3.389793 0.197709 0.1
3.395329 0.225522 0.1
3.401341 0.253203 0.1
3.407825 0.280743 0.1
3.414779 0.308136 0.1
3.422200 0.335372 0.1
3.430083 0.362444 0.1
3.438427 0.389344 0.1
3.447226 0.416064 0.1
3.456478 0.442598 0.1
3.466179 0.468936 0.1
3.476324 0.495072 0.1
3.486910 0.520999 0.1
3.497933 0.546708 0.1
3.509387 0.572193 0.1
3.521270 0.597446 0.1
3.533575 0.622460 0.1
3.546299 0.647229 0.1
3.559437 0.671746 0.1
3.572983 0.696002 0.1
3.586934 0.719993 0.1
3.601283 0.743711 0.1
3.616025 0.767150 0.1
3.631156 0.790302 0.1
3.646669 0.813163 0.1
3.662560 0.835725 0.1
3.678822 0.857983 0.1
3.695450 0.879930 0.1
3.712438 0.901561 0.1
3.729780 0.922869 0.1
3.747470 0.943849 0.1
3.765502 0.964495 0.1
3.783870 0.984803 0.1
3.802567 1.004766 0.1
3.821587 1.024379 0.1
3.840924 1.043637 0.1
3.860571 1.062535 0.1
3.880521 1.081068 0.1
3.900768 1.099232 0.1
3.921305 1.117021 0.1
3.942126 1.134431 0.1
3.963222 1.151458 0.1
3.984588 1.168098 0.1
4.006216 1.184345 0.1
4.028100 1.200197 0.1
4.050231 1.215649 0.1
4.072603 1.230697 0.1
4.095209 1.245338 0.1
4.118040 1.259569 0.1
4.141091 1.273385 0.1
4.164353 1.286784 0.1
4.187819 1.299762 0.1
4.211481 1.312317 0.1
4.235331 1.324445 0.1
4.259363 1.336144 0.1
4.283569 1.347411 0.1
4.307940 1.358244 0.1
4.332470 1.368640 0.1
4.357149 1.378598 0.1
4.381972 1.388114 0.1
4.406929 1.397188 0.1
4.432013 1.405817 0.1
4.457216 1.414000 0.1
4.482531 1.421735 0.1
4.507949 1.429021 0.1
4.533462 1.435857 0.1
4.559063 1.442241 0.1
4.584743 1.448173 0.1
4.610495 1.453651 0.1
4.636311 1.458676 0.1
4.662183 1.463246 0.1
4.688103 1.467361 0.1
4.714063 1.471020 0.1
4.740054 1.474225 0.1
4.766070 1.476974 0.1
4.792102 1.479268 0.1
4.818143 1.481107 0.1
4.844184 1.482491 0.1
4.870217 1.483421 0.1
4.896236 1.483898 0.1
4.922231 1.483923 0.1
4.948195 1.483495 0.1
4.974121 1.482618 0.1
5.000000 1.481291 0.1
