738
3.045460 5.318495 0.1
3.164462 5.322605 0.1
3.282936 5.324759 0.1
3.400858 5.324977 0.1
3.518201 5.323275 0.1
3.634940 5.319670 0.1
3.751049 5.314181 0.1
3.866503 5.306827 0.1
3.981278 5.297625 0.1
4.095350 5.286594 0.1
4.208694 5.273753 0.1
4.321287 5.259122 0.1
4.433106 5.242721 0.1
4.544127 5.224568 0.1
4.654328 5.204683 0.1
4.763687 5.183088 0.1
4.872182 5.159803 0.1
4.979792 5.134847 0.1
5.086494 5.108242 0.1
5.192269 5.080009 0.1
5.297095 5.050170 0.1
5.400953 5.018745 0.1
5.503823 4.985757 0.1
5.605686 4.951227 0.1
5.706522 4.915177 0.1
5.806313 4.877631 0.1
5.905040 4.838609 0.1
6.002686 4.798135 0.1
6.099233 4.756231 0.1
6.194664 4.712921 0.1
6.288962 4.668227 0.1
6.382110 4.622173 0.1
6.474094 4.574782 0.1
6.564896 4.526077 0.1
6.654502 4.476083 0.1
6.742897 4.424824 0.1
6.830066 4.372322 0.1
6.915996 4.318603 0.1
7.000673 4.263690 0.1
7.084082 4.207607 0.1
7.166212 4.150380 0.1
7.247050 4.092032 0.1
7.326583 4.032589 0.1
7.404801 3.972074 0.1
7.481691 3.910513 0.1
7.557242 3.847930 0.1
7.631445 3.784352 0.1
7.704288 3.719801 0.1
7.775763 3.654304 0.1
7.845859 3.587886 0.1
7.914568 3.520572 0.1
7.981881 3.452386 0.1
8.047790 3.383355 0.1
8.112287 3.313504 0.1
8.175365 3.242858 0.1
8.237016 3.171442 0.1
8.297235 3.099283 0.1
8.356015 3.026404 0.1
8.413349 2.952832 0.1
8.469234 2.878591 0.1
8.523662 2.803709 0.1
8.576631 2.728209 0.1
8.628136 2.652117 0.1
8.678172 2.575459 0.1
8.726737 2.498260 0.1
8.773827 2.420545 0.1
8.819439 2.342340 0.1
8.863572 2.263670 0.1
8.906223 2.184559 0.1
8.947391 2.105034 0.1
8.987075 2.025119 0.1
9.025273 1.944839 0.1
9.061986 1.864220 0.1
9.097213 1.783285 0.1
9.130955 1.702061 0.1
9.163212 1.620571 0.1
9.193986 1.538841 0.1
9.223277 1.456895 0.1
9.251089 1.374756 0.1
9.277422 1.292451 0.1
9.302280 1.210003 0.1
9.325666 1.127435 0.1
9.347582 1.044773 0.1
9.368033 0.962039 0.1
9.387021 0.879259 0.1
9.404553 0.796455 0.1
9.420632 0.713650 0.1
9.435263 0.630869 0.1
9.448452 0.548134 0.1
9.460204 0.465469 0.1
9.470525 0.382896 0.1
9.479423 0.300437 0.1
9.486902 0.218117 0.1
9.492972 0.135957 0.1
9.497638 0.053978 0.1
9.500909 -0.027795 0.1
9.502792 -0.109343 0.1
9.503296 -0.190643 0.1
9.502429 -0.271674 0.1
9.500201 -0.352414 0.1
9.496620 -0.432843 0.1
9.491696 -0.512939 0.1
9.485440 -0.592682 0.1
9.477860 -0.672052 0.1
9.468967 -0.751027 0.1
9.458773 -0.829589 0.1
9.447287 -0.907717 0.1
9.434522 -0.985393 0.1
9.420488 -1.062595 0.1
9.405198 -1.139306 0.1
9.388664 -1.215506 0.1
9.370897 -1.291178 0.1
9.351911 -1.366302 0.1
9.331718 -1.440860 0.1
9.310331 -1.514835 0.1
9.287764 -1.588210 0.1
9.264030 -1.660965 0.1
9.239142 -1.733085 0.1
9.213116 -1.804553 0.1
9.185964 -1.875353 0.1
9.157702 -1.945466 0.1
9.128344 -2.014879 0.1
9.097905 -2.083575 0.1
9.066400 -2.151539 0.1
9.033845 -2.218755 0.1
9.000254 -2.285209 0.1
8.965644 -2.350886 0.1
8.930030 -2.415771 0.1
8.893429 -2.479851 0.1
8.855856 -2.543112 0.1
8.817328 -2.605540 0.1
8.777861 -2.667123 0.1
8.737473 -2.727847 0.1
8.696180 -2.787700 0.1
8.653999 -2.846669 0.1
8.610947 -2.904744 0.1
8.567042 -2.961911 0.1
8.522301 -3.018160 0.1
8.476741 -3.073480 0.1
8.430381 -3.127860 0.1
8.383238 -3.181290 0.1
8.335330 -3.233759 0.1
8.286676 -3.285258 0.1
8.237293 -3.335777 0.1
8.187199 -3.385307 0.1
8.136413 -3.433840 0.1
8.084954 -3.481366 0.1
8.032840 -3.527878 0.1
7.980090 -3.573368 0.1
7.926722 -3.617827 0.1
7.872756 -3.661250 0.1
7.818209 -3.703629 0.1
7.763101 -3.744957 0.1
7.707451 -3.785229 0.1
7.651278 -3.824437 0.1
7.594601 -3.862578 0.1
7.537440 -3.899644 0.1
7.479812 -3.935632 0.1
7.421738 -3.970536 0.1
7.363236 -4.004353 0.1
7.304326 -4.037077 0.1
7.245027 -4.068707 0.1
7.185359 -4.099237 0.1
7.125340 -4.128666 0.1
7.064989 -4.156989 0.1
7.004327 -4.184206 0.1
6.943372 -4.210313 0.1
6.882143 -4.235309 0.1
6.820660 -4.259193 0.1
6.758942 -4.281963 0.1
6.697008 -4.303618 0.1
6.634877 -4.324158 0.1
6.572568 -4.343583 0.1
6.510100 -4.361893 0.1
6.447492 -4.379087 0.1
6.384764 -4.395168 0.1
6.321933 -4.410135 0.1
6.259019 -4.423990 0.1
6.196040 -4.436735 0.1
6.133015 -4.448371 0.1
6.069963 -4.458901 0.1
6.006903 -4.468327 0.1
5.943851 -4.476652 0.1
5.880828 -4.483880 0.1
5.817851 -4.490012 0.1
5.754938 -4.495054 0.1
5.692107 -4.499009 0.1
5.629377 -4.501881 0.1
5.566764 -4.503675 0.1
5.504288 -4.504395 0.1
5.441964 -4.504047 0.1
5.379811 -4.502636 0.1
5.317846 -4.500168 0.1
5.256086 -4.496647 0.1
5.194549 -4.492082 0.1
5.133250 -4.486477 0.1
5.072208 -4.479841 0.1
5.011437 -4.472178 0.1
4.950956 -4.463498 0.1
4.890780 -4.453806 0.1
4.830925 -4.443112 0.1
4.771407 -4.431422 0.1
4.712243 -4.418745 0.1
4.653447 -4.405090 0.1
4.595035 -4.390464 0.1
4.537023 -4.374878 0.1
4.479425 -4.358339 0.1
4.422257 -4.340858 0.1
4.365533 -4.322444 0.1
4.309267 -4.303106 0.1
4.253475 -4.282855 0.1
4.198169 -4.261700 0.1
4.143365 -4.239653 0.1
4.089076 -4.216724 0.1
4.035315 -4.192923 0.1
3.982095 -4.168262 0.1
3.929430 -4.142752 0.1
3.877333 -4.116404 0.1
3.825816 -4.089230 0.1
3.774892 -4.061242 0.1
3.724573 -4.032451 0.1
3.674871 -4.002869 0.1
3.625798 -3.972510 0.1
3.577365 -3.941385 0.1
3.529584 -3.909507 0.1
3.482466 -3.876889 0.1
3.436021 -3.843543 0.1
3.390260 -3.809483 0.1
3.345194 -3.774722 0.1
3.300833 -3.739273 0.1
3.257186 -3.703151 0.1
3.214263 -3.666367 0.1
3.172074 -3.628937 0.1
3.130628 -3.590874 0.1
3.089934 -3.552192 0.1
3.050000 -3.512905 0.1
3.010834 -3.473028 0.1
2.972445 -3.432574 0.1
2.934842 -3.391558 0.1
2.898030 -3.349995 0.1
2.862018 -3.307900 0.1
2.826813 -3.265286 0.1
2.792422 -3.222170 0.1
2.758851 -3.178565 0.1
2.726107 -3.134487 0.1
2.694195 -3.089950 0.1
2.663122 -3.044971 0.1
2.632892 -2.999563 0.1
2.603513 -2.953743 0.1
2.574987 -2.907525 0.1
2.547321 -2.860925 0.1
2.520518 -2.813958 0.1
2.494583 -2.766640 0.1
2.469519 -2.718986 0.1
2.445331 -2.671011 0.1
2.422022 -2.622731 0.1
2.399595 -2.574162 0.1
2.378053 -2.525319 0.1
2.357399 -2.476218 0.1
2.337634 -2.426874 0.1
2.318761 -2.377303 0.1
2.300783 -2.327520 0.1
2.283699 -2.277542 0.1
2.267513 -2.227383 0.1
2.252224 -2.177059 0.1
2.237834 -2.126586 0.1
2.224343 -2.075979 0.1
2.211752 -2.025253 0.1
2.200059 -1.974425 0.1
2.189266 -1.923510 0.1
2.179372 -1.872522 0.1
2.170376 -1.821478 0.1
2.162276 -1.770393 0.1
2.155073 -1.719282 0.1
2.148763 -1.668160 0.1
2.143346 -1.617043 0.1
2.138819 -1.565944 0.1
2.135180 -1.514881 0.1
2.132427 -1.463867 0.1
2.130556 -1.412917 0.1
2.129566 -1.362047 0.1
2.129452 -1.311270 0.1
2.130211 -1.260602 0.1
2.131839 -1.210058 0.1
2.134333 -1.159650 0.1
2.137688 -1.109395 0.1
2.141900 -1.059306 0.1
2.146964 -1.009398 0.1
2.152876 -0.959684 0.1
2.159629 -0.910179 0.1
2.167220 -0.860896 0.1
2.175642 -0.811849 0.1
2.184889 -0.763051 0.1
2.194957 -0.714517 0.1
2.205837 -0.666259 0.1
2.217525 -0.618291 0.1
2.230013 -0.570626 0.1
2.243294 -0.523276 0.1
2.257363 -0.476255 0.1
2.272210 -0.429575 0.1
2.287830 -0.383249 0.1
2.304213 -0.337289 0.1
2.321354 -0.291708 0.1
2.339243 -0.246516 0.1
2.357872 -0.201728 0.1
2.377233 -0.157353 0.1
2.397318 -0.113404 0.1
2.418118 -0.069892 0.1
2.439623 -0.026828 0.1
2.461825 0.015777 0.1
2.484715 0.057911 0.1
2.508283 0.099564 0.1
2.532519 0.140725 0.1
2.557414 0.181385 0.1
2.582958 0.221532 0.1
2.609142 0.261157 0.1
2.635954 0.300251 0.1
2.663384 0.338803 0.1
2.691423 0.376804 0.1
2.720059 0.414244 0.1
2.749281 0.451116 0.1
2.779080 0.487409 0.1
2.809443 0.523116 0.1
2.840360 0.558227 0.1
2.871820 0.592735 0.1
2.903810 0.626632 0.1
2.936321 0.659909 0.1
2.969339 0.692559 0.1
3.002854 0.724576 0.1
3.036854 0.755950 0.1
3.071326 0.786676 0.1
3.106259 0.816747 0.1
3.141641 0.846157 0.1
3.177459 0.874898 0.1
3.213701 0.902964 0.1
3.250356 0.930351 0.1
3.287410 0.957052 0.1
3.324852 0.983061 0.1
3.362668 1.008374 0.1
3.400845 1.032985 0.1
3.439373 1.056890 0.1
3.478237 1.080084 0.1
3.517424 1.102562 0.1
3.556923 1.124321 0.1
3.596720 1.145357 0.1
3.636802 1.165665 0.1
3.677157 1.185243 0.1
3.717771 1.204088 0.1
3.758631 1.222195 0.1
3.799724 1.239562 0.1
3.841038 1.256188 0.1
3.882558 1.272069 0.1
3.924273 1.287203 0.1
3.966169 1.301589 0.1
4.008232 1.315225 0.1
4.050450 1.328109 0.1
4.092810 1.340240 0.1
4.135298 1.351617 0.1
4.177902 1.362240 0.1
4.220607 1.372108 0.1
4.263402 1.381220 0.1
4.306273 1.389576 0.1
4.349207 1.397177 0.1
4.392192 1.404023 0.1
4.435213 1.410115 0.1
4.478258 1.415452 0.1
4.521314 1.420037 0.1
4.564369 1.423870 0.1
4.607409 1.426953 0.1
4.650422 1.429288 0.1
4.693395 1.430876 0.1
4.736315 1.431719 0.1
4.779169 1.431820 0.1
4.821946 1.431181 0.1
4.864632 1.429805 0.1
4.907215 1.427695 0.1
4.949684 1.424853 0.1
4.992024 1.421284 0.1
5.034225 1.416990 0.1
5.076274 1.411976 0.1
5.118159 1.406245 0.1
5.159869 1.399802 0.1
5.201390 1.392650 0.1
5.242712 1.384794 0.1
5.283823 1.376239 0.1
5.324712 1.366990 0.1
5.365366 1.357052 0.1
5.405774 1.346430 0.1
5.445926 1.335129 0.1
5.485809 1.323156 0.1
5.525414 1.310515 0.1
5.564729 1.297214 0.1
5.603743 1.283257 0.1
5.642446 1.268652 0.1
5.680826 1.253404 0.1
5.718875 1.237521 0.1
5.756581 1.221010 0.1
5.793934 1.203876 0.1
5.830924 1.186128 0.1
5.867542 1.167773 0.1
5.903777 1.148818 0.1
5.939620 1.129271 0.1
5.975062 1.109139 0.1
6.010093 1.088430 0.1
6.044705 1.067154 0.1
6.078887 1.045316 0.1
6.112632 1.022927 0.1
6.145930 0.999994 0.1
6.178773 0.976527 0.1
6.211153 0.952533 0.1
6.243062 0.928022 0.1
6.274491 0.903002 0.1
6.305432 0.877483 0.1
6.335879 0.851474 0.1
6.365822 0.824984 0.1
6.395256 0.798023 0.1
6.424173 0.770600 0.1
6.452565 0.742725 0.1
6.480426 0.714408 0.1
6.507749 0.685659 0.1
6.534528 0.656486 0.1
6.560757 0.626902 0.1
6.586429 0.596915 0.1
6.611538 0.566536 0.1
6.636079 0.535775 0.1
6.660046 0.504643 0.1
6.683434 0.473150 0.1
6.706237 0.441307 0.1
6.728450 0.409124 0.1
6.750069 0.376611 0.1
6.771089 0.343781 0.1
6.791506 0.310643 0.1
6.811315 0.277209 0.1
6.830512 0.243488 0.1
6.849093 0.209494 0.1
6.867056 0.175235 0.1
6.884395 0.140724 0.1
6.901108 0.105971 0.1
6.917192 0.070988 0.1
6.932644 0.035785 0.1
6.947461 0.000375 0.1
6.961641 -0.035232 0.1
6.975181 -0.071024 0.1
6.988080 -0.106991 0.1
7.000335 -0.143121 0.1
7.011944 -0.179402 0.1
7.022907 -0.215824 0.1
7.033221 -0.252374 0.1
7.042886 -0.289042 0.1
7.051901 -0.325816 0.1
7.060264 -0.362686 0.1
7.067976 -0.399638 0.1
7.075036 -0.436663 0.1
7.081443 -0.473749 0.1
7.087199 -0.510885 0.1
7.092302 -0.548059 0.1
7.096754 -0.585260 0.1
7.100555 -0.622477 0.1
7.103706 -0.659698 0.1
7.106208 -0.696914 0.1
7.108062 -0.734111 0.1
7.109269 -0.771280 0.1
7.109831 -0.808409 0.1
7.109749 -0.845487 0.1
7.109026 -0.882503 0.1
7.107664 -0.919447 0.1
7.105665 -0.956307 0.1
7.103031 -0.993073 0.1
7.099765 -1.029733 0.1
7.095870 -1.066278 0.1
7.091348 -1.102696 0.1
7.086204 -1.138978 0.1
7.080440 -1.175111 0.1
7.074060 -1.211087 0.1
7.067068 -1.246895 0.1
7.059466 -1.282524 0.1
7.051261 -1.317965 0.1
7.042455 -1.353207 0.1
7.033053 -1.388240 0.1
7.023060 -1.423054 0.1
7.012480 -1.457640 0.1
7.001318 -1.491988 0.1
6.989580 -1.526088 0.1
6.977269 -1.559931 0.1
6.964393 -1.593507 0.1
6.950955 -1.626806 0.1
6.936962 -1.659821 0.1
6.922420 -1.692541 0.1
6.907334 -1.724958 0.1
6.891711 -1.757062 0.1
6.875557 -1.788845 0.1
6.858877 -1.820299 0.1
6.841679 -1.851415 0.1
6.823969 -1.882184 0.1
6.805755 -1.912598 0.1
6.787042 -1.942649 0.1
6.767838 -1.972330 0.1
6.748150 -2.001631 0.1
6.727985 -2.030546 0.1
6.707351 -2.059067 0.1
6.686255 -2.087186 0.1
6.664704 -2.114897 0.1
6.642708 -2.142191 0.1
6.620272 -2.169062 0.1
6.597406 -2.195502 0.1
6.574117 -2.221506 0.1
6.550414 -2.247067 0.1
6.526305 -2.272178 0.1
6.501797 -2.296832 0.1
6.476901 -2.321024 0.1
6.451623 -2.344748 0.1
6.425974 -2.367998 0.1
6.399960 -2.390768 0.1
6.373593 -2.413052 0.1
6.346879 -2.434846 0.1
6.319829 -2.456144 0.1
6.292451 -2.476940 0.1
6.264754 -2.497231 0.1
6.236748 -2.517011 0.1
6.208441 -2.536276 0.1
6.179844 -2.555022 0.1
6.150965 -2.573244 0.1
6.121815 -2.590938 0.1
6.092401 -2.608100 0.1
6.062735 -2.624726 0.1
6.032825 -2.640814 0.1
6.002682 -2.656359 0.1
5.972314 -2.671359 0.1
5.941732 -2.685810 0.1
5.910946 -2.699709 0.1
5.879965 -2.713055 0.1
5.848799 -2.725843 0.1
5.817457 -2.738072 0.1
5.785951 -2.749740 0.1
5.754289 -2.760845 0.1
5.722482 -2.771385 0.1
5.690540 -2.781357 0.1
5.658472 -2.790762 0.1
5.626289 -2.799597 0.1
5.594000 -2.807861 0.1
5.561616 -2.815553 0.1
5.529147 -2.822672 0.1
5.496601 -2.829219 0.1
5.463991 -2.835191 0.1
5.431325 -2.840590 0.1
5.398613 -2.845415 0.1
5.365866 -2.849665 0.1
5.333093 -2.853342 0.1
5.300304 -2.856445 0.1
5.267509 -2.858976 0.1
5.234719 -2.860934 0.1
5.201942 -2.862322 0.1
5.169190 -2.863139 0.1
5.136470 -2.863387 0.1
5.103794 -2.863068 0.1
5.071171 -2.862182 0.1
5.038611 -2.860733 0.1
5.006123 -2.858721 0.1
4.973717 -2.856149 0.1
4.941402 -2.853019 0.1
4.909188 -2.849333 0.1
4.877085 -2.845094 0.1
4.845101 -2.840304 0.1
4.813246 -2.834967 0.1
4.781530 -2.829086 0.1
4.749961 -2.822663 0.1
4.718549 -2.815702 0.1
4.687302 -2.808206 0.1
4.656231 -2.800179 0.1
4.625342 -2.791625 0.1
4.594646 -2.782548 0.1
4.564152 -2.772951 0.1
4.533867 -2.762839 0.1
4.503800 -2.752217 0.1
4.473961 -2.741088 0.1
4.444357 -2.729458 0.1
4.414996 -2.717331 0.1
4.385887 -2.704712 0.1
4.357038 -2.691606 0.1
4.328458 -2.678018 0.1
4.300153 -2.663954 0.1
4.272132 -2.649419 0.1
4.244402 -2.634419 0.1
4.216972 -2.618958 0.1
4.189848 -2.603044 0.1
4.163039 -2.586682 0.1
4.136551 -2.569877 0.1
4.110391 -2.552637 0.1
4.084567 -2.534968 0.1
4.059085 -2.516875 0.1
4.033953 -2.498365 0.1
4.009176 -2.479445 0.1
3.984763 -2.460122 0.1
3.960718 -2.440403 0.1
3.937049 -2.420293 0.1
3.913762 -2.399802 0.1
3.890862 -2.378934 0.1
3.868356 -2.357699 0.1
3.846249 -2.336102 0.1
3.824548 -2.314152 0.1
3.803257 -2.291855 0.1
3.782382 -2.269220 0.1
3.761929 -2.246255 0.1
3.741902 -2.222965 0.1
3.722307 -2.199361 0.1
3.703148 -2.175449 0.1
3.684430 -2.151238 0.1
3.666158 -2.126735 0.1
3.648336 -2.101948 0.1
3.630968 -2.076886 0.1
3.614059 -2.051557 0.1
3.597612 -2.025970 0.1
3.581631 -2.000132 0.1
3.566121 -1.974051 0.1
3.551084 -1.947737 0.1
3.536524 -1.921198 0.1
3.522444 -1.894443 0.1
3.508847 -1.867479 0.1
3.495737 -1.840316 0.1
3.483115 -1.812962 0.1
3.470986 -1.785427 0.1
3.459350 -1.757718 0.1
3.448211 -1.729844 0.1
3.437570 -1.701815 0.1
3.427430 -1.673638 0.1
3.417793 -1.645324 0.1
3.408660 -1.616880 0.1
3.400033 -1.588316 0.1
3.391912 -1.559641 0.1
3.384301 -1.530863 0.1
3.377198 -1.501991 0.1
3.370607 -1.473035 0.1
3.364526 -1.444003 0.1
3.358958 -1.414904 0.1
3.353902 -1.385747 0.1
3.349358 -1.356542 0.1
3.345327 -1.327296 0.1
3.341810 -1.298019 0.1
3.338805 -1.268720 0.1
3.336312 -1.239407 0.1
3.334331 -1.210090 0.1
3.332862 -1.180777 0.1
3.331904 -1.151478 0.1
3.331455 -1.122200 0.1
3.331515 -1.092954 0.1
3.332082 -1.063746 0.1
3.333156 -1.034588 0.1
3.334734 -1.005485 0.1
3.336815 -0.976449 0.1
3.339398 -0.947487 0.1
3.342479 -0.918607 0.1
3.346058 -0.889819 0.1
3.350132 -0.861130 0.1
3.354699 -0.832550 0.1
3.359756 -0.804086 0.1
3.365300 -0.775746 0.1
3.371329 -0.747540 0.1
3.377840 -0.719476 0.1
3.384829 -0.691561 0.1
3.392294 -0.663803 0.1
3.400231 -0.636211 0.1
3.408637 -0.608792 0.1
3.417507 -0.581555 0.1
3.426840 -0.554506 0.1
3.436629 -0.527655 0.1
3.446872 -0.501008 0.1
3.457565 -0.474574 0.1
3.468703 -0.448359 0.1
3.480281 -0.422371 0.1
3.492296 -0.396617 0.1
3.504742 -0.371105 0.1
3.517615 -0.345842 0.1
3.530911 -0.320835 0.1
3.544623 -0.296090 0.1
3.558748 -0.271616 0.1
3.573280 -0.247417 0.1
3.588213 -0.223502 0.1
3.603542 -0.199876 0.1
3.619262 -0.176547 0.1
3.635367 -0.153520 0.1
3.651851 -0.130802 0.1
3.668709 -0.108399 0.1
3.685935 -0.086318 0.1
3.703522 -0.064563 0.1
3.721464 -0.043141 0.1
3.739756 -0.022058 0.1
3.758391 -0.001319 0.1
3.777362 0.019071 0.1
3.796664 0.039105 0.1
3.816289 0.058779 0.1
3.836231 0.078087 0.1
3.856483 0.097025 0.1
3.877039 0.115587 0.1
3.897891 0.133770 0.1
3.919033 0.151567 0.1
3.940457 0.168975 0.1
3.962157 0.185989 0.1
3.984125 0.202605 0.1
4.006355 0.218819 0.1
4.028838 0.234626 0.1
4.051568 0.250024 0.1
4.074536 0.265008 0.1
4.097737 0.279574 0.1
4.121161 0.293719 0.1
4.144803 0.307440 0.1
4.168653 0.320733 0.1
4.192704 0.333595 0.1
4.216949 0.346024 0.1
4.241380 0.358017 0.1
4.265989 0.369570 0.1
4.290769 0.380682 0.1
4.315711 0.391350 0.1
4.340807 0.401571 0.1
4.366050 0.411344 0.1
4.391432 0.420667 0.1
4.416945 0.429537 0.1
4.442580 0.437954 0.1
4.468330 0.445914 0.1
4.494187 0.453418 0.1
4.520142 0.460464 0.1
4.546188 0.467050 0.1
4.572317 0.473175 0.1
4.598520 0.478840 0.1
4.624790 0.484042 0.1
4.651118 0.488782 0.1
4.677497 0.493058 0.1
4.703917 0.496872 0.1
4.730372 0.500221 0.1
4.756853 0.503108 0.1
4.783352 0.505530 0.1
4.809861 0.507490 0.1
4.836372 0.508986 0.1
4.862877 0.510020 0.1
4.889368 0.510593 0.1
4.915836 0.510705 0.1
4.942275 0.510356 0.1
4.968676 0.509549 0.1
4.995032 0.508285 0.1
