738
3.218519 4.759045 0.1
3.326983 4.762791 0.1
3.434968 4.764755 0.1
3.542449 4.764953 0.1
3.649402 4.763401 0.1
3.755804 4.760116 0.1
3.861633 4.755113 0.1
3.966865 4.748410 0.1
4.071477 4.740022 0.1
4.175449 4.729968 0.1
4.278757 4.718265 0.1
4.381381 4.704929 0.1
4.483299 4.689980 0.1
4.584491 4.673434 0.1
4.684935 4.655310 0.1
4.784611 4.635627 0.1
4.883499 4.614403 0.1
4.981581 4.591657 0.1
5.078836 4.567408 0.1
5.175245 4.541675 0.1
5.270790 4.514478 0.1
5.365452 4.485835 0.1
5.459214 4.455768 0.1
5.552057 4.424295 0.1
5.643965 4.391438 0.1
5.734920 4.357215 0.1
5.824906 4.321649 0.1
5.913906 4.284758 0.1
6.001905 4.246565 0.1
6.088886 4.207089 0.1
6.174835 4.166353 0.1
6.259736 4.124376 0.1
6.343575 4.081181 0.1
6.426337 4.036789 0.1
6.508010 3.991222 0.1
6.588578 3.944501 0.1
6.668029 3.896648 0.1
6.746351 3.847685 0.1
6.823530 3.797634 0.1
6.899554 3.746517 0.1
6.974412 3.694357 0.1
7.048092 3.641175 0.1
7.120584 3.586995 0.1
7.191876 3.531838 0.1
7.261958 3.475728 0.1
7.330820 3.418687 0.1
7.398452 3.360737 0.1
7.464846 3.301902 0.1
7.529992 3.242204 0.1
7.593882 3.181667 0.1
7.656507 3.120313 0.1
7.717860 3.058165 0.1
7.777933 2.995246 0.1
7.836720 2.931579 0.1
7.894213 2.867188 0.1
7.950406 2.802096 0.1
8.005292 2.736325 0.1
8.058868 2.669899 0.1
8.111126 2.602841 0.1
8.162062 2.535175 0.1
8.211672 2.466922 0.1
8.259950 2.398107 0.1
8.306895 2.328753 0.1
8.352501 2.258882 0.1
8.396765 2.188518 0.1
8.439686 2.117685 0.1
8.481260 2.046404 0.1
8.521485 1.974699 0.1
8.560360 1.902593 0.1
8.597883 1.830109 0.1
8.634052 1.757270 0.1
8.668869 1.684098 0.1
8.702331 1.610617 0.1
8.734439 1.536849 0.1
8.765193 1.462816 0.1
8.794594 1.388542 0.1
8.822643 1.314048 0.1
8.849341 1.239357 0.1
8.874690 1.164492 0.1
8.898692 1.089474 0.1
8.921349 1.014325 0.1
8.942664 0.939068 0.1
8.962640 0.863725 0.1
8.981280 0.788317 0.1
8.998587 0.712866 0.1
9.014566 0.637393 0.1
9.029222 0.561921 0.1
9.042557 0.486469 0.1
9.054578 0.411060 0.1
9.065290 0.335714 0.1
9.074698 0.260452 0.1
9.082807 0.185295 0.1
9.089625 0.110263 0.1
9.095157 0.035377 0.1
9.099410 -0.039343 0.1
9.102391 -0.113876 0.1
9.104107 -0.188204 0.1
9.104567 -0.262305 0.1
9.103777 -0.336161 0.1
9.101746 -0.409753 0.1
9.098482 -0.483060 0.1
9.093994 -0.556064 0.1
9.088291 -0.628747 0.1
9.081383 -0.701089 0.1
9.073277 -0.773072 0.1
9.063986 -0.844678 0.1
9.053517 -0.915888 0.1
9.041882 -0.986686 0.1
9.029091 -1.057053 0.1
9.015155 -1.126972 0.1
9.000084 -1.196425 0.1
8.983891 -1.265397 0.1
8.966586 -1.333869 0.1
8.948180 -1.401826 0.1
8.928687 -1.469251 0.1
8.908118 -1.536128 0.1
8.886485 -1.602442 0.1
8.863801 -1.668177 0.1
8.840079 -1.733317 0.1
8.815332 -1.797847 0.1
8.789572 -1.861753 0.1
8.762814 -1.925020 0.1
8.735070 -1.987634 0.1
8.706354 -2.049580 0.1
8.676681 -2.110844 0.1
8.646065 -2.171414 0.1
8.614519 -2.231276 0.1
8.582059 -2.290416 0.1
8.548698 -2.348822 0.1
8.514452 -2.406482 0.1
8.479335 -2.463383 0.1
8.443363 -2.519513 0.1
8.406551 -2.574860 0.1
8.368914 -2.629414 0.1
8.330468 -2.683162 0.1
8.291228 -2.736095 0.1
8.251210 -2.788200 0.1
8.210430 -2.839469 0.1
8.168905 -2.889891 0.1
8.126649 -2.939456 0.1
8.083681 -2.988155 0.1
8.040015 -3.035978 0.1
7.995668 -3.082917 0.1
7.950657 -3.128963 0.1
7.904999 -3.174108 0.1
7.858710 -3.218343 0.1
7.811807 -3.261662 0.1
7.764308 -3.304055 0.1
7.716228 -3.345517 0.1
7.667585 -3.386041 0.1
7.618397 -3.425619 0.1
7.568680 -3.464245 0.1
7.518452 -3.501914 0.1
7.467729 -3.538620 0.1
7.416530 -3.574357 0.1
7.364871 -3.609120 0.1
7.312770 -3.642905 0.1
7.260245 -3.675706 0.1
7.207313 -3.707520 0.1
7.153991 -3.738342 0.1
7.100297 -3.768170 0.1
7.046249 -3.796998 0.1
6.991863 -3.824826 0.1
6.937159 -3.851648 0.1
6.882152 -3.877464 0.1
6.826861 -3.902271 0.1
6.771303 -3.926067 0.1
6.715495 -3.948850 0.1
6.659456 -3.970619 0.1
6.603203 -3.991372 0.1
6.546752 -4.011110 0.1
6.490122 -4.029832 0.1
6.433330 -4.047537 0.1
6.376393 -4.064225 0.1
6.319329 -4.079897 0.1
6.262154 -4.094554 0.1
6.204887 -4.108196 0.1
6.147543 -4.120824 0.1
6.090141 -4.132440 0.1
6.032696 -4.143046 0.1
5.975227 -4.152644 0.1
5.917750 -4.161236 0.1
5.860281 -4.168824 0.1
5.802838 -4.175411 0.1
5.745437 -4.181001 0.1
5.688095 -4.185596 0.1
5.630827 -4.189201 0.1
5.573651 -4.191819 0.1
5.516582 -4.193454 0.1
5.459637 -4.194110 0.1
5.402832 -4.193793 0.1
5.346182 -4.192507 0.1
5.289704 -4.190257 0.1
5.233412 -4.187049 0.1
5.177323 -4.182887 0.1
5.121452 -4.177779 0.1
5.065814 -4.171730 0.1
5.010425 -4.164746 0.1
4.955299 -4.156834 0.1
4.900450 -4.148001 0.1
4.845895 -4.138253 0.1
4.791647 -4.127598 0.1
4.737721 -4.116044 0.1
4.684131 -4.103598 0.1
4.630892 -4.090267 0.1
4.578016 -4.076061 0.1
4.525518 -4.060986 0.1
4.473411 -4.045053 0.1
4.421710 -4.028269 0.1
4.370426 -4.010643 0.1
4.319573 -3.992185 0.1
4.269165 -3.972904 0.1
4.219213 -3.952809 0.1
4.169730 -3.931910 0.1
4.120729 -3.910216 0.1
4.072222 -3.887739 0.1
4.024220 -3.864487 0.1
3.976736 -3.840472 0.1
3.929781 -3.815704 0.1
3.883366 -3.790194 0.1
3.837502 -3.763952 0.1
3.792201 -3.736990 0.1
3.747472 -3.709319 0.1
3.703328 -3.680950 0.1
3.659777 -3.651894 0.1
3.616831 -3.622164 0.1
3.574498 -3.591771 0.1
3.532789 -3.560727 0.1
3.491713 -3.529044 0.1
3.451280 -3.496734 0.1
3.411498 -3.463809 0.1
3.372375 -3.430283 0.1
3.333922 -3.396167 0.1
3.296146 -3.361474 0.1
3.259054 -3.326217 0.1
3.222656 -3.290408 0.1
3.186958 -3.254062 0.1
3.151968 -3.217190 0.1
3.117694 -3.179806 0.1
3.084142 -3.141923 0.1
3.051319 -3.103555 0.1
3.019231 -3.064714 0.1
2.987885 -3.025415 0.1
2.957286 -2.985671 0.1
2.927441 -2.945496 0.1
2.898355 -2.904903 0.1
2.870033 -2.863906 0.1
2.842480 -2.822519 0.1
2.815702 -2.780755 0.1
2.789702 -2.738630 0.1
2.764485 -2.696156 0.1
2.740055 -2.653347 0.1
2.716416 -2.610219 0.1
2.693572 -2.566784 0.1
2.671526 -2.523057 0.1
2.650281 -2.479052 0.1
2.629839 -2.434783 0.1
2.610205 -2.390265 0.1
2.591379 -2.345511 0.1
2.573364 -2.300536 0.1
2.556163 -2.255354 0.1
2.539776 -2.209980 0.1
2.524205 -2.164426 0.1
2.509452 -2.118708 0.1
2.495517 -2.072840 0.1
2.482401 -2.026836 0.1
2.470104 -1.980710 0.1
2.458628 -1.934476 0.1
2.447971 -1.888148 0.1
2.438133 -1.841741 0.1
2.429115 -1.795268 0.1
2.420916 -1.748743 0.1
2.413533 -1.702181 0.1
2.406967 -1.655596 0.1
2.401216 -1.609000 0.1
2.396279 -1.562409 0.1
2.392153 -1.515835 0.1
2.388836 -1.469293 0.1
2.386326 -1.422795 0.1
2.384622 -1.376357 0.1
2.383719 -1.329991 0.1
2.383615 -1.283710 0.1
2.384307 -1.237528 0.1
2.385791 -1.191459 0.1
2.388064 -1.145515 0.1
2.391122 -1.099709 0.1
2.394961 -1.054055 0.1
2.399577 -1.008566 0.1
2.404965 -0.963254 0.1
2.411120 -0.918132 0.1
2.418039 -0.873212 0.1
2.425715 -0.828508 0.1
2.434144 -0.784031 0.1
2.443320 -0.739794 0.1
2.453237 -0.695809 0.1
2.463890 -0.652088 0.1
2.475272 -0.608643 0.1
2.487378 -0.565486 0.1
2.500200 -0.522628 0.1
2.513733 -0.480082 0.1
2.527970 -0.437857 0.1
2.542903 -0.395967 0.1
2.558526 -0.354421 0.1
2.574831 -0.313231 0.1
2.591811 -0.272408 0.1
2.609458 -0.231962 0.1
2.627764 -0.191904 0.1
2.646722 -0.152245 0.1
2.666323 -0.112994 0.1
2.686559 -0.074162 0.1
2.707422 -0.035759 0.1
2.728903 0.002206 0.1
2.750994 0.039723 0.1
2.773685 0.076783 0.1
2.796967 0.113376 0.1
2.820832 0.149492 0.1
2.845270 0.185124 0.1
2.870272 0.220263 0.1
2.895828 0.254899 0.1
2.921929 0.289025 0.1
2.948564 0.322631 0.1
2.975724 0.355711 0.1
3.003399 0.388256 0.1
3.031578 0.420259 0.1
3.060252 0.451712 0.1
3.089411 0.482607 0.1
3.119042 0.512938 0.1
3.149137 0.542697 0.1
3.179685 0.571879 0.1
3.210674 0.600475 0.1
3.242094 0.628481 0.1
3.273934 0.655890 0.1
3.306183 0.682695 0.1
3.338830 0.708891 0.1
3.371863 0.734473 0.1
3.405272 0.759435 0.1
3.439046 0.783771 0.1
3.473172 0.807478 0.1
3.507640 0.830549 0.1
3.542437 0.852981 0.1
3.577553 0.874770 0.1
3.612976 0.895910 0.1
3.648694 0.916398 0.1
3.684696 0.936230 0.1
3.720969 0.955404 0.1
3.757502 0.973914 0.1
3.794284 0.991758 0.1
3.831301 1.008934 0.1
3.868544 1.025438 0.1
3.905998 1.041268 0.1
3.943654 1.056421 0.1
3.981498 1.070896 0.1
4.019520 1.084691 0.1
4.057706 1.097803 0.1
4.096045 1.110231 0.1
4.134525 1.121974 0.1
4.173134 1.133031 0.1
4.211860 1.143401 0.1
4.250692 1.153083 0.1
4.289616 1.162077 0.1
4.328622 1.170383 0.1
4.367697 1.177999 0.1
4.406830 1.184927 0.1
4.446008 1.191167 0.1
4.485220 1.196719 0.1
4.524454 1.201584 0.1
4.563698 1.205763 0.1
4.602940 1.209257 0.1
4.642170 1.212067 0.1
4.681374 1.214195 0.1
4.720542 1.215642 0.1
4.759662 1.216411 0.1
4.798722 1.216503 0.1
4.837711 1.215920 0.1
4.876618 1.214666 0.1
4.915431 1.212743 0.1
4.954139 1.210153 0.1
4.992730 1.206899 0.1
5.031195 1.202986 0.1
5.069521 1.198416 0.1
5.107697 1.193192 0.1
5.145714 1.187319 0.1
5.183559 1.180800 0.1
5.221222 1.173640 0.1
5.258693 1.165843 0.1
5.295961 1.157413 0.1
5.333015 1.148355 0.1
5.369846 1.138673 0.1
5.406443 1.128373 0.1
5.442795 1.117460 0.1
5.478893 1.105939 0.1
5.514727 1.093815 0.1
5.550286 1.081094 0.1
5.585562 1.067782 0.1
5.620545 1.053884 0.1
5.655224 1.039407 0.1
5.689592 1.024358 0.1
5.723638 1.008741 0.1
5.757353 0.992565 0.1
5.790728 0.975835 0.1
5.823755 0.958558 0.1
5.856425 0.940741 0.1
5.888729 0.922392 0.1
5.920658 0.903517 0.1
5.952205 0.884124 0.1
5.983361 0.864221 0.1
6.014117 0.843814 0.1
6.044467 0.822912 0.1
6.074403 0.801522 0.1
6.103916 0.779652 0.1
6.132999 0.757311 0.1
6.161645 0.734507 0.1
6.189847 0.711247 0.1
6.217598 0.687541 0.1
6.244890 0.663397 0.1
6.271718 0.638823 0.1
6.298074 0.613828 0.1
6.323952 0.588422 0.1
6.349346 0.562612 0.1
6.374251 0.536408 0.1
6.398659 0.509818 0.1
6.422565 0.482853 0.1
6.445964 0.455521 0.1
6.468850 0.427832 0.1
6.491218 0.399795 0.1
6.513063 0.371419 0.1
6.534380 0.342715 0.1
6.555164 0.313691 0.1
6.575410 0.284357 0.1
6.595115 0.254724 0.1
6.614274 0.224800 0.1
6.632883 0.194597 0.1
6.650938 0.164122 0.1
6.668435 0.133388 0.1
6.685372 0.102403 0.1
6.701743 0.071178 0.1
6.717547 0.039722 0.1
6.732781 0.008046 0.1
6.747441 -0.023839 0.1
6.761525 -0.055925 0.1
6.775030 -0.088200 0.1
6.787954 -0.120654 0.1
6.800296 -0.153278 0.1
6.812052 -0.186060 0.1
6.823222 -0.218990 0.1
6.833803 -0.252059 0.1
6.843795 -0.285256 0.1
6.853196 -0.318570 0.1
6.862006 -0.351992 0.1
6.870222 -0.385510 0.1
6.877845 -0.419114 0.1
6.884874 -0.452795 0.1
6.891309 -0.486542 0.1
6.897149 -0.520344 0.1
6.902395 -0.554192 0.1
6.907046 -0.588074 0.1
6.911104 -0.621982 0.1
6.914569 -0.655903 0.1
6.917441 -0.689829 0.1
6.919721 -0.723749 0.1
6.921410 -0.757653 0.1
6.922511 -0.791531 0.1
6.923023 -0.825372 0.1
6.922949 -0.859168 0.1
6.922290 -0.892906 0.1
6.921048 -0.926579 0.1
6.919226 -0.960175 0.1
6.916825 -0.993686 0.1
6.913848 -1.027100 0.1
6.910298 -1.060410 0.1
6.906177 -1.093603 0.1
6.901488 -1.126672 0.1
6.896234 -1.159607 0.1
6.890419 -1.192397 0.1
6.884046 -1.225035 0.1
6.877118 -1.257509 0.1
6.869639 -1.289812 0.1
6.861613 -1.321933 0.1
6.853043 -1.353865 0.1
6.843935 -1.385596 0.1
6.834292 -1.417120 0.1
6.824118 -1.448427 0.1
6.813419 -1.479507 0.1
6.802199 -1.510354 0.1
6.790462 -1.540957 0.1
6.778214 -1.571308 0.1
6.765461 -1.601399 0.1
6.752206 -1.631222 0.1
6.738456 -1.660769 0.1
6.724216 -1.690030 0.1
6.709492 -1.719000 0.1
6.694289 -1.747668 0.1
6.678614 -1.776029 0.1
6.662472 -1.804074 0.1
6.645870 -1.831795 0.1
6.628814 -1.859186 0.1
6.611310 -1.886238 0.1
6.593366 -1.912945 0.1
6.574986 -1.939300 0.1
6.556179 -1.965296 0.1
6.536951 -1.990925 0.1
6.517309 -2.016182 0.1
6.497260 -2.041059 0.1
6.476811 -2.065551 0.1
6.455969 -2.089651 0.1
6.434742 -2.113352 0.1
6.413138 -2.136650 0.1
6.391163 -2.159537 0.1
6.368826 -2.182009 0.1
6.346134 -2.204059 0.1
6.323094 -2.225682 0.1
6.299716 -2.246873 0.1
6.276006 -2.267627 0.1
6.251972 -2.287938 0.1
6.227624 -2.307802 0.1
6.202969 -2.327214 0.1
6.178015 -2.346170 0.1
6.152770 -2.364664 0.1
6.127244 -2.382693 0.1
6.101444 -2.400252 0.1
6.075379 -2.417338 0.1
6.049057 -2.433946 0.1
6.022487 -2.450073 0.1
5.995678 -2.465716 0.1
5.968639 -2.480870 0.1
5.941377 -2.495534 0.1
5.913903 -2.509702 0.1
5.886224 -2.523374 0.1
5.858350 -2.536545 0.1
5.830289 -2.549214 0.1
5.802051 -2.561378 0.1
5.773645 -2.573034 0.1
5.745078 -2.584181 0.1
5.716362 -2.594816 0.1
5.687503 -2.604937 0.1
5.658513 -2.614543 0.1
5.629399 -2.623633 0.1
5.600170 -2.632205 0.1
5.570836 -2.640257 0.1
5.541407 -2.647790 0.1
5.511890 -2.654801 0.1
5.482295 -2.661290 0.1
5.452632 -2.667257 0.1
5.422908 -2.672700 0.1
5.393134 -2.677621 0.1
5.363319 -2.682019 0.1
5.333471 -2.685893 0.1
5.303600 -2.689244 0.1
5.273715 -2.692073 0.1
5.243824 -2.694379 0.1
5.213937 -2.696164 0.1
5.184062 -2.697429 0.1
5.154209 -2.698173 0.1
5.124387 -2.698399 0.1
5.094604 -2.698108 0.1
5.064870 -2.697301 0.1
5.035192 -2.695980 0.1
5.005581 -2.694147 0.1
4.976044 -2.691802 0.1
4.946590 -2.688949 0.1
4.917229 -2.685590 0.1
4.887968 -2.681726 0.1
4.858816 -2.677361 0.1
4.829782 -2.672496 0.1
4.800874 -2.667135 0.1
4.772100 -2.661281 0.1
4.743469 -2.654936 0.1
4.714989 -2.648104 0.1
4.686669 -2.640788 0.1
4.658515 -2.632992 0.1
4.630537 -2.624718 0.1
4.602742 -2.615971 0.1
4.575139 -2.606755 0.1
4.547735 -2.597073 0.1
4.520537 -2.586930 0.1
4.493554 -2.576329 0.1
4.466793 -2.565276 0.1
4.440262 -2.553774 0.1
4.413967 -2.541829 0.1
4.387917 -2.529444 0.1
4.362119 -2.516625 0.1
4.336579 -2.503377 0.1
4.311304 -2.489705 0.1
4.286303 -2.475613 0.1
4.261581 -2.461108 0.1
4.237145 -2.446194 0.1
4.213002 -2.430878 0.1
4.189158 -2.415164 0.1
4.165621 -2.399059 0.1
4.142395 -2.382568 0.1
4.119488 -2.365697 0.1
4.096906 -2.348453 0.1
4.074654 -2.330841 0.1
4.052738 -2.312867 0.1
4.031165 -2.294538 0.1
4.009939 -2.275861 0.1
3.989067 -2.256841 0.1
3.968553 -2.237486 0.1
3.948404 -2.217801 0.1
3.928624 -2.197795 0.1
3.909219 -2.177472 0.1
3.890192 -2.156842 0.1
3.871550 -2.135909 0.1
3.853296 -2.114682 0.1
3.835436 -2.093168 0.1
3.817973 -2.071373 0.1
3.800913 -2.049305 0.1
3.784258 -2.026972 0.1
3.768014 -2.004380 0.1
3.752184 -1.981537 0.1
3.736772 -1.958451 0.1
3.721782 -1.935129 0.1
3.707216 -1.911578 0.1
3.693079 -1.887807 0.1
3.679373 -1.863823 0.1
3.666102 -1.839634 0.1
3.653269 -1.815247 0.1
3.640876 -1.790671 0.1
3.628927 -1.765913 0.1
3.617423 -1.740981 0.1
3.606367 -1.715884 0.1
3.595762 -1.690628 0.1
3.585609 -1.665222 0.1
3.575910 -1.639675 0.1
3.566668 -1.613993 0.1
3.557884 -1.588186 0.1
3.549560 -1.562261 0.1
3.541696 -1.536226 0.1
3.534295 -1.510089 0.1
3.527357 -1.483859 0.1
3.520884 -1.457544 0.1
3.514876 -1.431152 0.1
3.509334 -1.404690 0.1
3.504258 -1.378168 0.1
3.499650 -1.351593 0.1
3.495509 -1.324973 0.1
3.491835 -1.298317 0.1
3.488629 -1.271632 0.1
3.485890 -1.244927 0.1
3.483618 -1.218210 0.1
3.481812 -1.191488 0.1
3.480473 -1.164771 0.1
3.479600 -1.138066 0.1
3.479190 -1.111381 0.1
3.479245 -1.084723 0.1
3.479762 -1.058102 0.1
3.480741 -1.031525 0.1
3.482179 -1.005000 0.1
3.484076 -0.978534 0.1
3.486430 -0.952136 0.1
3.489239 -0.925814 0.1
3.492501 -0.899574 0.1
3.496214 -0.873426 0.1
3.500377 -0.847376 0.1
3.504986 -0.821432 0.1
3.510039 -0.795602 0.1
3.515534 -0.769894 0.1
3.521468 -0.744314 0.1
3.527839 -0.718870 0.1
3.534643 -0.693570 0.1
3.541877 -0.668421 0.1
3.549539 -0.643430 0.1
3.557624 -0.618604 0.1
3.566130 -0.593951 0.1
3.575053 -0.569477 0.1
3.584389 -0.545190 0.1
3.594135 -0.521096 0.1
3.604286 -0.497202 0.1
3.614839 -0.473515 0.1
3.625790 -0.450042 0.1
3.637135 -0.426789 0.1
3.648868 -0.403762 0.1
3.660986 -0.380969 0.1
3.673485 -0.358416 0.1
3.686359 -0.336108 0.1
3.699604 -0.314052 0.1
3.713215 -0.292254 0.1
3.727187 -0.270721 0.1
3.741515 -0.249457 0.1
3.756194 -0.228469 0.1
3.771219 -0.207762 0.1
3.786584 -0.187343 0.1
3.802284 -0.167217 0.1
3.818314 -0.147388 0.1
3.834668 -0.127863 0.1
3.851340 -0.108646 0.1
3.868325 -0.089744 0.1
3.885617 -0.071160 0.1
3.903209 -0.052899 0.1
3.921097 -0.034967 0.1
3.939273 -0.017369 0.1
3.957732 -0.000107 0.1
3.976468 0.016811 0.1
3.995474 0.033384 0.1
4.014743 0.049605 0.1
4.034271 0.065472 0.1
4.054049 0.080979 0.1
4.074073 0.096124 0.1
4.094334 0.110903 0.1
4.114826 0.125311 0.1
4.135543 0.139345 0.1
4.156478 0.153002 0.1
4.177625 0.166278 0.1
4.198975 0.179171 0.1
4.220523 0.191677 0.1
4.242262 0.203793 0.1
4.264184 0.215517 0.1
4.286282 0.226845 0.1
4.308550 0.237776 0.1
4.330980 0.248306 0.1
4.353565 0.258434 0.1
4.376299 0.268158 0.1
4.399173 0.277474 0.1
4.422181 0.286382 0.1
4.445316 0.294879 0.1
4.468569 0.302964 0.1
4.491935 0.310635 0.1
4.515405 0.317891 0.1
4.538972 0.324730 0.1
4.562630 0.331152 0.1
4.586370 0.337155 0.1
4.610185 0.342738 0.1
4.634068 0.347901 0.1
4.658012 0.352643 0.1
4.682009 0.356963 0.1
4.706052 0.360861 0.1
4.730133 0.364336 0.1
4.754245 0.367389 0.1
4.778382 0.370020 0.1
4.802534 0.372228 0.1
4.826696 0.374014 0.1
4.850860 0.375378 0.1
4.875018 0.376321 0.1
4.899163 0.376843 0.1
4.923288 0.376944 0.1
4.947386 0.376627 0.1
4.971450 0.375891 0.1
4.995472 0.374739 0.1
