361
5.000000 11.021400 0.1
5.104642 10.994963 0.1
5.208370 10.966931 0.1
5.311162 10.937324 0.1
5.412999 10.906164 0.1
5.513862 10.873473 0.1
5.613732 10.839271 0.1
5.712590 10.803581 0.1
5.810418 10.766423 0.1
5.907198 10.727822 0.1
6.002912 10.687798 0.1
6.097544 10.646373 0.1
6.191076 10.603572 0.1
6.283492 10.559415 0.1
6.374776 10.513927 0.1
6.464913 10.467130 0.1
6.553887 10.419048 0.1
6.641683 10.369703 0.1
6.728286 10.319118 0.1
6.813683 10.267319 0.1
6.897860 10.214328 0.1
6.980803 10.160168 0.1
7.062499 10.104865 0.1
7.142936 10.048442 0.1
7.222102 9.990922 0.1
7.299984 9.932331 0.1
7.376571 9.872692 0.1
7.451852 9.812030 0.1
7.525816 9.750369 0.1
7.598453 9.687734 0.1
7.669754 9.624149 0.1
7.739708 9.559639 0.1
7.808306 9.494229 0.1
7.875540 9.427944 0.1
7.941402 9.360807 0.1
8.005882 9.292845 0.1
8.068975 9.224081 0.1
8.130672 9.154541 0.1
8.190966 9.084251 0.1
8.249852 9.013233 0.1
8.307323 8.941515 0.1
8.363374 8.869120 0.1
8.417999 8.796073 0.1
8.471194 8.722400 0.1
8.522954 8.648126 0.1
8.573274 8.573274 0.1
8.622152 8.497872 0.1
8.669584 8.421942 0.1
8.715566 8.345511 0.1
8.760097 8.268602 0.1
8.803173 8.191241 0.1
8.844794 8.113453 0.1
8.884958 8.035262 0.1
8.923664 7.956693 0.1
8.960910 7.877770 0.1
8.996697 7.798518 0.1
9.031025 7.718961 0.1
9.063894 7.639124 0.1
9.095305 7.559031 0.1
9.125259 7.478706 0.1
9.153757 7.398173 0.1
9.180802 7.317457 0.1
9.206396 7.236580 0.1
9.230540 7.155568 0.1
9.253239 7.074443 0.1
9.274495 6.993230 0.1
9.294312 6.911951 0.1
9.312694 6.830630 0.1
9.329646 6.749290 0.1
9.345171 6.667955 0.1
9.359275 6.586646 0.1
9.371964 6.505388 0.1
9.383242 6.424202 0.1
9.393116 6.343110 0.1
9.401593 6.262136 0.1
9.408678 6.181302 0.1
9.414379 6.100628 0.1
9.418703 6.020138 0.1
9.421658 5.939852 0.1
9.423252 5.859793 0.1
9.423492 5.779981 0.1
9.422388 5.700437 0.1
9.419947 5.621183 0.1
9.416180 5.542239 0.1
9.411096 5.463625 0.1
9.404704 5.385362 0.1
9.397014 5.307469 0.1
9.388037 5.229967 0.1
9.377783 5.152876 0.1
9.366263 5.076213 0.1
9.353487 5.000000 0.1
9.339468 4.924254 0.1
9.324218 4.848995 0.1
9.307747 4.774241 0.1
9.290067 4.700009 0.1
9.271193 4.626319 0.1
9.251135 4.553188 0.1
9.229907 4.480633 0.1
9.207522 4.408671 0.1
9.183993 4.337321 0.1
9.159334 4.266597 0.1
9.133559 4.196518 0.1
9.106681 4.127098 0.1
9.078715 4.058354 0.1
9.049676 3.990302 0.1
9.019577 3.922958 0.1
8.988434 3.856335 0.1
8.956262 3.790449 0.1
8.923076 3.725315 0.1
8.888891 3.660947 0.1
8.853724 3.597359 0.1
8.817589 3.534565 0.1
8.780503 3.472577 0.1
8.742482 3.411410 0.1
8.703543 3.351077 0.1
8.663701 3.291588 0.1
8.622973 3.232958 0.1
8.581376 3.175198 0.1
8.538927 3.118319 0.1
8.495643 3.062333 0.1
8.451541 3.007252 0.1
8.406639 2.953085 0.1
8.360953 2.899843 0.1
8.314502 2.847537 0.1
8.267303 2.796177 0.1
8.219373 2.745771 0.1
8.170731 2.696329 0.1
8.121395 2.647860 0.1
8.071383 2.600373 0.1
8.020712 2.553875 0.1
7.969402 2.508376 0.1
7.917470 2.463882 0.1
7.864934 2.420401 0.1
7.811814 2.377941 0.1
7.758128 2.336507 0.1
7.703894 2.296106 0.1
7.649132 2.256744 0.1
7.593859 2.218427 0.1
7.538094 2.181161 0.1
7.481857 2.144951 0.1
7.425165 2.109801 0.1
7.368039 2.075716 0.1
7.310496 2.042700 0.1
7.252556 2.010758 0.1
7.194237 1.979892 0.1
7.135558 1.950106 0.1
7.076539 1.921404 0.1
7.017198 1.893787 0.1
6.957555 1.867258 0.1
6.897627 1.841818 0.1
6.837434 1.817471 0.1
6.776995 1.794217 0.1
6.716328 1.772057 0.1
6.655453 1.750991 0.1
6.594387 1.731022 0.1
6.533151 1.712148 0.1
6.471762 1.694369 0.1
6.410239 1.677686 0.1
6.348601 1.662097 0.1
6.286865 1.647601 0.1
6.225052 1.634197 0.1
6.163179 1.621884 0.1
6.101264 1.610659 0.1
6.039325 1.600520 0.1
5.977382 1.591465 0.1
5.915451 1.583491 0.1
5.853551 1.576595 0.1
5.791699 1.570773 0.1
5.729914 1.566023 0.1
5.668214 1.562339 0.1
5.606615 1.559718 0.1
5.545135 1.558155 0.1
5.483791 1.557646 0.1
5.422602 1.558186 0.1
5.361583 1.559768 0.1
5.300752 1.562388 0.1
5.240126 1.566040 0.1
5.179721 1.570718 0.1
5.119554 1.576415 0.1
5.059642 1.583125 0.1
5.000000 1.590841 0.1
4.940645 1.599556 0.1
4.881593 1.609262 0.1
4.822859 1.619952 0.1
4.764460 1.631619 0.1
4.706410 1.644253 0.1
4.648726 1.657847 0.1
4.591421 1.672393 0.1
4.534512 1.687880 0.1
4.478013 1.704302 0.1
4.421938 1.721647 0.1
4.366302 1.739907 0.1
4.311120 1.759073 0.1
4.256404 1.779133 0.1
4.202170 1.800080 0.1
4.148431 1.821901 0.1
4.095200 1.844586 0.1
4.042490 1.868126 0.1
3.990315 1.892508 0.1
3.938687 1.917723 0.1
3.887619 1.943758 0.1
3.837123 1.970603 0.1
3.787212 1.998246 0.1
3.737898 2.026674 0.1
3.689192 2.055877 0.1
3.641106 2.085841 0.1
3.593650 2.116556 0.1
3.546837 2.148008 0.1
3.500677 2.180184 0.1
3.455181 2.213073 0.1
3.410359 2.246660 0.1
3.366220 2.280934 0.1
3.322776 2.315881 0.1
3.280036 2.351488 0.1
3.238009 2.387741 0.1
3.196704 2.424626 0.1
3.156130 2.462131 0.1
3.116297 2.500242 0.1
3.077212 2.538943 0.1
3.038883 2.578223 0.1
3.001319 2.618065 0.1
2.964528 2.658457 0.1
2.928516 2.699384 0.1
2.893291 2.740831 0.1
2.858859 2.782784 0.1
2.825229 2.825229 0.1
2.792405 2.868150 0.1
2.760394 2.911534 0.1
2.729203 2.955365 0.1
2.698836 2.999629 0.1
2.669299 3.044310 0.1
2.640598 3.089394 0.1
2.612736 3.134865 0.1
2.585719 3.180709 0.1
2.559552 3.226910 0.1
2.534237 3.273454 0.1
2.509780 3.320325 0.1
2.486183 3.367508 0.1
2.463450 3.414987 0.1
2.441584 3.462748 0.1
2.420587 3.510775 0.1
2.400463 3.559053 0.1
2.381214 3.607567 0.1
2.362841 3.656300 0.1
2.345347 3.705239 0.1
2.328732 3.754367 0.1
2.312999 3.803670 0.1
2.298147 3.853132 0.1
2.284179 3.902737 0.1
2.271093 3.952471 0.1
2.258891 4.002318 0.1
2.247573 4.052263 0.1
2.237138 4.102292 0.1
2.227585 4.152388 0.1
2.218915 4.202537 0.1
2.211125 4.252723 0.1
2.204215 4.302932 0.1
2.198182 4.353149 0.1
2.193026 4.403359 0.1
2.188744 4.453547 0.1
2.185334 4.503698 0.1
2.182794 4.553798 0.1
2.181120 4.603832 0.1
2.180309 4.653786 0.1
2.180359 4.703644 0.1
2.181266 4.753393 0.1
2.183027 4.803018 0.1
2.185636 4.852505 0.1
2.189091 4.901841 0.1
2.193387 4.951010 0.1
2.198519 5.000000 0.1
2.204482 5.048796 0.1
2.211272 5.097385 0.1
2.218883 5.145752 0.1
2.227309 5.193885 0.1
2.236545 5.241771 0.1
2.246585 5.289396 0.1
2.257423 5.336746 0.1
2.269053 5.383810 0.1
2.281467 5.430573 0.1
2.294660 5.477024 0.1
2.308624 5.523150 0.1
2.323353 5.568939 0.1
2.338838 5.614378 0.1
2.355072 5.659455 0.1
2.372049 5.704157 0.1
2.389759 5.748475 0.1
2.408194 5.792394 0.1
2.427348 5.835905 0.1
2.447210 5.878996 0.1
2.467773 5.921655 0.1
2.489027 5.963872 0.1
2.510964 6.005636 0.1
2.533575 6.046935 0.1
2.556850 6.087760 0.1
2.580780 6.128101 0.1
2.605356 6.167946 0.1
2.630567 6.207287 0.1
2.656404 6.246112 0.1
2.682856 6.284414 0.1
2.709915 6.322181 0.1
2.737568 6.359406 0.1
2.765807 6.396079 0.1
2.794619 6.432191 0.1
2.823996 6.467733 0.1
2.853925 6.502698 0.1
2.884396 6.537076 0.1
2.915397 6.570861 0.1
2.946919 6.604043 0.1
2.978949 6.636615 0.1
3.011475 6.668570 0.1
3.044487 6.699901 0.1
3.077973 6.730601 0.1
3.111921 6.760662 0.1
3.146320 6.790078 0.1
3.181157 6.818843 0.1
3.216421 6.846951 0.1
3.252099 6.874395 0.1
3.288179 6.901170 0.1
3.324650 6.927270 0.1
3.361499 6.952690 0.1
3.398713 6.977425 0.1
3.436281 7.001470 0.1
3.474189 7.024820 0.1
3.512426 7.047470 0.1
3.550978 7.069418 0.1
3.589834 7.090658 0.1
3.628980 7.111186 0.1
3.668404 7.131000 0.1
3.708092 7.150095 0.1
3.748034 7.168469 0.1
3.788214 7.186119 0.1
3.828622 7.203042 0.1
3.869243 7.219235 0.1
3.910066 7.234696 0.1
3.951076 7.249424 0.1
3.992262 7.263416 0.1
4.033610 7.276671 0.1
4.075108 7.289188 0.1
4.116743 7.300964 0.1
4.158501 7.312000 0.1
4.200370 7.322295 0.1
4.242337 7.331848 0.1
4.284389 7.340658 0.1
4.326513 7.348727 0.1
4.368697 7.356053 0.1
4.410928 7.362638 0.1
4.453193 7.368482 0.1
4.495479 7.373585 0.1
4.537773 7.377949 0.1
4.580064 7.381576 0.1
4.622338 7.384465 0.1
4.664582 7.386620 0.1
4.706785 7.388041 0.1
4.748934 7.388732 0.1
4.791016 7.388694 0.1
4.833020 7.387929 0.1
4.874932 7.386441 0.1
4.916741 7.384232 0.1
4.958434 7.381306 0.1
5.000000 7.377665 0.1
